0.000000 -0.957130
0.009512 -0.960215
0.019045 -0.963235
0.028599 -0.966191
0.038171 -0.969083
0.047763 -0.971911
0.057374 -0.974674
0.067003 -0.977374
0.076649 -0.980009
0.086313 -0.982580
0.095994 -0.985088
0.105691 -0.987531
0.115404 -0.989909
0.125132 -0.992223
0.134876 -0.994473
0.144635 -0.996657
0.154408 -0.998776
0.164195 -1.000830
0.173995 -1.002818
0.183809 -1.004739
0.193635 -1.006594
0.203475 -1.008381
0.213326 -1.010100
0.223189 -1.011750
0.233063 -1.013332
0.242948 -1.014843
0.252844 -1.016284
0.262750 -1.017653
0.272665 -1.018950
0.282590 -1.020173
0.292524 -1.021322
0.302466 -1.022395
0.312417 -1.023392
0.322374 -1.024311
0.332339 -1.025151
0.342310 -1.025911
0.352287 -1.026588
0.362270 -1.027183
0.372257 -1.027693
0.382248 -1.028116
0.392243 -1.028452
0.402240 -1.028698
0.412239 -1.028853
0.422238 -1.028915
0.432238 -1.028882
0.442238 -1.028752
0.452235 -1.028524
0.462230 -1.028194
0.472221 -1.027762
0.482206 -1.027225
0.492186 -1.026580
0.502158 -1.025827
0.512120 -1.024962
0.522072 -1.023983
0.532012 -1.022888
0.541939 -1.021676
0.551850 -1.020342
0.561743 -1.018887
0.571618 -1.017306
0.581471 -1.015598
0.591301 -1.013761
0.601106 -1.011793
0.610883 -1.009692
0.620630 -1.007454
0.630344 -1.005080
0.640023 -1.002567
0.649665 -0.999912
0.659266 -0.997115
0.668824 -0.994174
0.678336 -0.991088
0.687799 -0.987855
0.697211 -0.984475
0.706568 -0.980947
0.715867 -0.977269
0.725106 -0.973442
0.734281 -0.969466
0.743390 -0.965339
0.752430 -0.961063
0.761397 -0.956637
0.770289 -0.952063
0.779104 -0.947340
0.787838 -0.942471
0.796490 -0.937455
0.805056 -0.932295
0.813534 -0.926993
0.821922 -0.921549
0.830219 -0.915966
0.838421 -0.910246
0.846528 -0.904391
0.854538 -0.898404
0.862449 -0.892287
0.870260 -0.886044
0.877970 -0.879675
0.885579 -0.873186
0.893084 -0.866577
0.900486 -0.859854
0.907784 -0.853017
0.914978 -0.846071
0.922068 -0.839019
0.929053 -0.831863
0.935934 -0.824607
0.942711 -0.817253
0.949384 -0.809805
0.955954 -0.802267
0.962422 -0.794640
0.968787 -0.786927
0.975051 -0.779132
0.981215 -0.771258
0.987279 -0.763307
0.993245 -0.755281
0.999114 -0.747184
1.004886 -0.739018
1.010562 -0.730785
1.016145 -0.722488
1.021634 -0.714130
1.027032 -0.705712
1.032339 -0.697236
1.037557 -0.688706
1.042687 -0.680122
1.047730 -0.671486
1.052688 -0.662802
1.057561 -0.654070
1.062352 -0.645292
1.067061 -0.636470
1.071690 -0.627606
1.076240 -0.618701
1.080712 -0.609757
1.085107 -0.600775
1.089427 -0.591756
1.093673 -0.582702
1.097846 -0.573614
1.101947 -0.564494
1.105977 -0.555342
1.109938 -0.546160
1.113831 -0.536949
1.117656 -0.527709
1.121415 -0.518442
1.125108 -0.509150
1.128738 -0.499832
1.132305 -0.490489
1.135809 -0.481123
1.139252 -0.471735
1.142635 -0.462324
1.145958 -0.452893
1.149223 -0.443441
1.152431 -0.433969
1.155582 -0.424479
1.158677 -0.414969
1.161717 -0.405443
1.164702 -0.395899
1.167634 -0.386338
1.170514 -0.376762
1.173341 -0.367170
1.176118 -0.357563
1.178843 -0.347942
1.181519 -0.338306
1.184146 -0.328658
1.186724 -0.318996
1.189254 -0.309321
1.191737 -0.299634
1.194173 -0.289935
1.196563 -0.280225
1.198907 -0.270504
1.201207 -0.260772
1.203462 -0.251029
1.205673 -0.241277
1.207840 -0.231514
1.209965 -0.221743
1.212047 -0.211962
1.214087 -0.202172
1.216086 -0.192374
1.218043 -0.182567
1.219960 -0.172753
1.221837 -0.162930
1.223674 -0.153101
1.225471 -0.143263
1.227230 -0.133419
1.228949 -0.123568
1.230631 -0.113710
1.232274 -0.103846
1.233880 -0.093976
1.235448 -0.084100
1.236980 -0.074218
1.238475 -0.064330
1.239933 -0.054437
1.241356 -0.044539
1.242742 -0.034635
1.244094 -0.024727
1.245410 -0.014814
1.246691 -0.004896
1.247937 0.005026
1.249149 0.014952
1.250327 0.024882
1.251471 0.034817
1.252582 0.044755
1.253658 0.054697
1.254702 0.064642
1.255712 0.074591
1.256690 0.084543
1.257635 0.094498
1.258547 0.104457
1.259427 0.114418
1.260275 0.124382
1.261091 0.134349
1.261875 0.144318
1.262628 0.154289
1.263349 0.164263
1.264038 0.174240
1.264697 0.184218
1.265324 0.194198
1.265921 0.204180
1.266487 0.214164
1.267022 0.224150
1.267527 0.234137
1.268001 0.244126
1.268445 0.254116
1.268859 0.264108
1.269243 0.274100
1.269597 0.284094
1.269921 0.294089
1.270215 0.304084
1.270479 0.314081
1.270714 0.324078
1.270920 0.334076
1.271096 0.344075
1.271242 0.354074
1.271360 0.364073
1.271448 0.374072
1.271507 0.384072
1.271536 0.394072
1.271537 0.404072
1.271509 0.414072
1.271452 0.424072
1.271366 0.434072
1.271251 0.444071
1.271108 0.454070
1.270936 0.464069
1.270735 0.474067
1.270505 0.484064
1.270247 0.494061
1.269960 0.504057
1.269645 0.514052
1.269301 0.524046
1.268929 0.534039
1.268529 0.544031
1.268099 0.554022
1.267642 0.564011
1.267156 0.573999
1.266642 0.583986
1.266099 0.593971
1.265528 0.603955
1.264929 0.613937
1.264301 0.623917
1.263645 0.633896
1.262961 0.643872
1.262248 0.653847
1.261507 0.663820
1.260738 0.673790
1.259941 0.683758
1.259115 0.693724
1.258261 0.703687
1.257378 0.713648
1.256467 0.723607
1.255528 0.733563
1.254561 0.743516
1.253565 0.753466
1.252541 0.763413
1.251488 0.773358
1.250408 0.783299
1.249298 0.793238
1.248161 0.803173
1.246994 0.813105
1.245800 0.823033
1.244577 0.832958
1.243325 0.842879
1.242045 0.852797
1.240737 0.862711
1.239400 0.872621
1.238034 0.882528
1.236640 0.892430
1.235217 0.902328
1.233765 0.912222
1.232285 0.922112
1.230776 0.931998
1.229238 0.941879
1.227672 0.951755
1.226077 0.961627
1.224452 0.971494
1.222800 0.981357
1.221118 0.991215
1.219407 1.001067
1.217668 1.010915
1.215899 1.020757
1.214101 1.030594
1.212275 1.040426
1.210419 1.050252
1.208534 1.060073
1.206620 1.069888
1.204677 1.079698
1.202705 1.089501
1.200704 1.099299
1.198673 1.109090
1.196613 1.118876
1.194523 1.128655
1.192405 1.138428
1.190256 1.148195
1.188079 1.157955
1.185872 1.167708
1.183635 1.177455
1.181369 1.187195
1.179073 1.196928
1.176748 1.206654
1.174393 1.216372
1.172009 1.226084
1.169594 1.235788
1.167150 1.245485
1.164676 1.255174
1.162173 1.264856
1.159639 1.274529
1.157076 1.284195
1.154483 1.293853
1.151860 1.303503
1.149207 1.313145
1.146524 1.322778
1.143810 1.332403
1.141067 1.342019
1.138294 1.351627
1.135491 1.361226
1.132657 1.370816
1.129794 1.380398
1.126900 1.389970
1.123976 1.399533
1.121022 1.409087
1.118037 1.418631
1.115023 1.428166
1.111978 1.437691
1.108902 1.447206
1.105796 1.456712
1.102660 1.466207
1.099494 1.475693
1.096297 1.485168
1.093070 1.494633
1.089812 1.504087
1.086524 1.513531
1.083205 1.522965
1.079856 1.532387
1.076477 1.541799
1.073067 1.551199
1.069626 1.560589
1.066155 1.569967
1.062653 1.579334
1.059121 1.588689
1.055558 1.598033
1.051965 1.607365
1.048341 1.616685
1.044686 1.625994
1.041002 1.635290
1.037286 1.644574
1.033540 1.653846
1.029763 1.663106
1.025956 1.672352
1.022118 1.681587
1.018250 1.690808
1.014351 1.700017
1.010422 1.709213
1.006462 1.718395
1.002471 1.727565
0.998451 1.736721
0.994399 1.745863
0.990317 1.754992
0.986205 1.764108
0.982063 1.773209
0.977889 1.782297
0.973686 1.791370
0.969452 1.800430
0.965188 1.809475
0.960894 1.818506
0.956569 1.827523
0.952214 1.836525
0.947829 1.845512
0.943413 1.854484
0.938968 1.863442
0.934492 1.872384
0.929986 1.881312
0.925450 1.890224
0.920885 1.899121
0.916289 1.908002
0.911663 1.916868
0.907008 1.925718
0.902322 1.934553
0.897607 1.943371
0.892862 1.952174
0.888088 1.960960
0.883284 1.969731
0.878450 1.978485
0.873587 1.987223
0.868694 1.995944
0.863772 2.004649
0.858821 2.013337
0.853840 2.022009
0.848831 2.030663
0.843792 2.039301
0.838724 2.047922
0.833627 2.056525
0.828501 2.065112
0.823346 2.073681
0.818163 2.082233
0.812951 2.090767
0.807710 2.099284
0.802441 2.107783
0.797144 2.116265
0.791818 2.124728
0.786464 2.133174
0.781082 2.141602
0.775671 2.150012
0.770233 2.158404
0.764767 2.166778
0.759273 2.175134
0.753751 2.183471
0.748202 2.191790
0.742625 2.200091
0.737021 2.208373
0.731390 2.216637
0.725731 2.224882
0.720046 2.233108
0.714333 2.241316
0.708594 2.249505
0.702828 2.257675
0.697035 2.265827
0.691216 2.273959
0.685370 2.282073
0.679498 2.290167
0.673600 2.298243
0.667676 2.306299
0.661727 2.314337
0.655751 2.322355
0.649750 2.330354
0.643723 2.338334
0.637671 2.346295
0.631594 2.354236
0.625492 2.362159
0.619364 2.370061
0.613212 2.377945
0.607035 2.385809
0.600834 2.393654
0.594608 2.401480
0.588359 2.409286
0.582084 2.417073
0.575786 2.424841
0.569465 2.432589
0.563119 2.440318
0.556750 2.448027
0.550358 2.455718
0.543942 2.463388
0.537504 2.471040
0.531042 2.478672
0.524558 2.486285
0.518051 2.493878
0.511522 2.501453
0.504971 2.509008
0.498397 2.516543
0.491801 2.524060
0.485184 2.531558
0.478545 2.539036
0.471885 2.546495
0.465204 2.553935
0.458501 2.561357
0.451777 2.568759
0.445033 2.576142
0.438268 2.583507
0.431483 2.590853
0.424677 2.598180
0.417851 2.605488
0.411006 2.612777
0.404141 2.620048
0.397256 2.627301
0.390352 2.634535
0.383428 2.641751
0.376486 2.648948
0.369525 2.656128
0.362545 2.663289
0.355547 2.670432
0.348530 2.677557
0.341495 2.684664
0.334443 2.691754
0.327372 2.698826
0.320284 2.705880
0.313179 2.712916
0.306057 2.719936
0.298917 2.726938
0.291761 2.733922
0.284588 2.740890
0.277398 2.747841
0.270193 2.754775
0.262971 2.761692
0.255733 2.768592
0.248480 2.775476
0.241211 2.782343
0.233926 2.789195
0.226627 2.796030
0.219312 2.802849
0.211983 2.809652
0.204639 2.816439
0.197281 2.823211
0.189908 2.829967
0.182522 2.836708
0.175121 2.843433
0.167707 2.850144
0.160280 2.856839
0.152839 2.863520
0.145384 2.870186
0.137917 2.876837
0.130437 2.883475
0.122945 2.890098
0.115440 2.896706
0.107923 2.903301
0.100394 2.909882
0.092853 2.916450
0.085300 2.923004
0.077736 2.929545
0.070160 2.936073
0.062573 2.942587
0.054976 2.949089
0.047367 2.955578
0.039748 2.962055
0.032118 2.968519
0.024478 2.974971
0.016828 2.981411
0.009168 2.987839
0.001498 2.994256
-0.006182 3.000661
-0.013871 3.007055
-0.021569 3.013437
-0.029277 3.019808
-0.036993 3.026169
-0.044719 3.032519
-0.052453 3.038858
-0.060195 3.045187
-0.067946 3.051505
-0.075705 3.057814
-0.083472 3.064113
-0.091247 3.070402
-0.099029 3.076681
-0.106820 3.082951
-0.114617 3.089212
-0.122422 3.095463
-0.130234 3.101706
-0.138054 3.107940
-0.145880 3.114165
-0.153712 3.120382
-0.161552 3.126591
-0.169397 3.132791
-0.177249 3.138983
-0.185108 3.145168
-0.192972 3.151344
-0.200842 3.157514
-0.208718 3.163675
-0.216600 3.169830
-0.224487 3.175977
-0.232380 3.182118
-0.240278 3.188251
-0.248181 3.194378
-0.256090 3.200498
-0.264003 3.206612
-0.271922 3.212719
-0.279845 3.218821
-0.287772 3.224916
-0.295705 3.231005
-0.303642 3.237088
-0.311583 3.243166
-0.319528 3.249238
-0.327478 3.255304
-0.335432 3.261365
-0.343390 3.267421
-0.351352 3.273472
-0.359317 3.279517
-0.367287 3.285558
-0.375260 3.291593
-0.383237 3.297624
-0.391217 3.303650
-0.399201 3.309671
-0.407189 3.315688
-0.415180 3.321700
-0.423174 3.327708
-0.431171 3.333711
-0.439172 3.339710
-0.447176 3.345705
-0.455183 3.351696
-0.463193 3.357682
-0.471206 3.363664
-0.479223 3.369642
-0.487242 3.375616
-0.495264 3.381587
-0.503290 3.387553
-0.511318 3.393515
-0.519349 3.399473
-0.527383 3.405427
-0.535420 3.411377
-0.543460 3.417324
-0.551503 3.423266
-0.559549 3.429205
-0.567598 3.435139
-0.575650 3.441069
-0.583704 3.446996
-0.591762 3.452918
-0.599822 3.458837
-0.607886 3.464751
-0.615953 3.470661
-0.624023 3.476566
-0.632096 3.482468
-0.640172 3.488365
-0.648251 3.494258
-0.656334 3.500146
-0.664420 3.506029
-0.672510 3.511908
-0.680603 3.517782
-0.688699 3.523651
-0.696799 3.529515
-0.704904 3.535373
-0.713011 3.541227
-0.721123 3.547075
-0.729239 3.552917
-0.737359 3.558754
-0.745483 3.564584
-0.753612 3.570409
-0.761745 3.576227
-0.769883 3.582038
-0.778026 3.587843
-0.786174 3.593641
-0.794326 3.599432
-0.802485 3.605215
-0.810648 3.610991
-0.818817 3.616758
-0.826992 3.622518
-0.835173 3.628268
-0.843360 3.634010
-0.851554 3.639743
-0.859754 3.645467
-0.867961 3.651180
-0.876175 3.656883
-0.884397 3.662576
-0.892626 3.668258
-0.900863 3.673928
-0.909108 3.679587
-0.917361 3.685233
-0.925624 3.690866
-0.933895 3.696486
-0.942175 3.702093
-0.950466 3.707685
-0.958766 3.713262
-0.967077 3.718823
-0.975399 3.724369
-0.983731 3.729897
-0.992076 3.735408
-1.000432 3.740901
-1.008801 3.746375
-1.017182 3.751829
-1.025577 3.757263
-1.033986 3.762675
-1.042409 3.768065
-1.050848 3.773432
-1.059301 3.778774
-1.067771 3.784090
-1.076257 3.789381
-1.084760 3.794643
-1.093281 3.799877
-1.101821 3.805080
-1.110380 3.810252
-1.118958 3.815390
-1.127558 3.820494
-1.136179 3.825562
-1.144822 3.830591
-1.153488 3.835581
-1.162179 3.840528
-1.170894 3.845432
-1.179635 3.850289
-1.188403 3.855098
-1.197199 3.859856
-1.206023 3.864559
-1.214878 3.869206
-1.223764 3.873793
-1.232682 3.878317
-1.241634 3.882773
-1.250621 3.887159
-1.259644 3.891470
-1.268705 3.895702
-1.277804 3.899849
-1.286944 3.903906
-1.296126 3.907868
-1.305351 3.911728
-1.314620 3.915480
-1.323936 3.919116
-1.333299 3.922627
-1.342711 3.926006
-1.352173 3.929241
-1.361687 3.932323
-1.371252 3.935240
-1.380869 3.937979
-1.390540 3.940525
-1.400263 3.942862
-1.410037 3.944975
-1.419861 3.946843
-1.429732 3.948445
-1.439645 3.949760
-1.449595 3.950761
-1.459573 3.951423
-1.469569 3.951717
-1.479568 3.951613
-1.489554 3.951080
-1.499504 3.950085
-1.509393 3.948600
-1.519190 3.946594
-1.528860 3.944045
-1.538363 3.940934
-1.547660 3.937249
-1.556707 3.932989
-1.565466 3.928164
-1.573899 3.922790
-1.581977 3.916895
-1.589676 3.910514
-1.596982 3.903686
-1.603888 3.896453
-1.610394 3.888859
-1.616506 3.880944
-1.622235 3.872748
-1.627596 3.864306
-1.632606 3.855652
-1.637281 3.846812
-1.641642 3.837813
-1.645706 3.828676
-1.649490 3.819420
-1.653013 3.810061
-1.656291 3.800613
-1.659339 3.791089
-1.662171 3.781498
-1.664801 3.771850
-1.667241 3.762153
-1.669503 3.752412
-1.671597 3.742634
-1.673533 3.732823
-1.675320 3.722984
-1.676967 3.713120
-1.678481 3.703236
-1.679869 3.693332
-1.681139 3.683413
-1.682296 3.673480
-1.683346 3.663536
-1.684295 3.653581
-1.685146 3.643617
-1.685906 3.633646
-1.686578 3.623669
-1.687166 3.613686
-1.687674 3.603699
-1.688106 3.593708
-1.688465 3.583715
-1.688753 3.573719
-1.688975 3.563721
-1.689132 3.553723
-1.689227 3.543723
-1.689262 3.533723
-1.689241 3.523723
-1.689165 3.513723
-1.689035 3.503724
-1.688855 3.493726
-1.688625 3.483728
-1.688348 3.473732
-1.688026 3.463738
-1.687659 3.453744
-1.687249 3.443753
-1.686799 3.433763
-1.686308 3.423775
-1.685779 3.413789
-1.685212 3.403805
-1.684609 3.393823
-1.683971 3.383843
-1.683299 3.373866
-1.682594 3.363891
-1.681857 3.353918
-1.681089 3.343948
-1.680290 3.333979
-1.679463 3.324014
-1.678607 3.314050
-1.677723 3.304090
-1.676813 3.294131
-1.675876 3.284175
-1.674914 3.274221
-1.673927 3.264270
-1.672916 3.254322
-1.671881 3.244375
-1.670824 3.234431
-1.669744 3.224490
-1.668643 3.214550
-1.667521 3.204614
-1.666378 3.194679
-1.665214 3.184747
-1.664032 3.174817
-1.662830 3.164890
-1.661609 3.154964
-1.660371 3.145041
-1.659114 3.135121
-1.657841 3.125202
-1.656550 3.115286
-1.655243 3.105372
-1.653919 3.095460
-1.652580 3.085550
-1.651226 3.075642
-1.649856 3.065736
-1.648472 3.055832
-1.647073 3.045931
-1.645660 3.036031
-1.644234 3.026133
-1.642793 3.016237
-1.641340 3.006344
-1.639874 2.996452
-1.638396 2.986562
-1.636905 2.976673
-1.635402 2.966787
-1.633887 2.956902
-1.632361 2.947019
-1.630823 2.937138
-1.629274 2.927259
-1.627715 2.917381
-1.626145 2.907505
-1.624564 2.897631
-1.622974 2.887758
-1.621373 2.877887
-1.619763 2.868018
-1.618143 2.858150
-1.616513 2.848284
-1.614875 2.838419
-1.613227 2.828555
-1.611571 2.818693
-1.609906 2.808833
-1.608233 2.798974
-1.606551 2.789116
-1.604862 2.779260
-1.603164 2.769405
-1.601458 2.759552
-1.599745 2.749700
-1.598024 2.739849
-1.596296 2.729999
-1.594561 2.720151
-1.592819 2.710304
-1.591070 2.700458
-1.589313 2.690614
-1.587551 2.680770
-1.585781 2.670928
-1.584006 2.661087
-1.582223 2.651247
-1.580435 2.641408
-1.578641 2.631570
-1.576841 2.621734
-1.575034 2.611898
-1.573223 2.602064
-1.571405 2.592230
-1.569582 2.582398
-1.567753 2.572567
-1.565920 2.562736
-1.564080 2.552907
-1.562236 2.543078
-1.560387 2.533251
-1.558533 2.523424
-1.556674 2.513598
-1.554810 2.503774
-1.552941 2.493950
-1.551068 2.484127
-1.549190 2.474305
-1.547308 2.464483
-1.545421 2.454663
-1.543530 2.444844
-1.541635 2.435025
-1.539735 2.425207
-1.537832 2.415390
-1.535924 2.405573
-1.534012 2.395758
-1.532097 2.385943
-1.530178 2.376129
-1.528254 2.366315
-1.526328 2.356503
-1.524397 2.346691
-1.522463 2.336880
-1.520525 2.327069
-1.518584 2.317260
-1.516639 2.307450
-1.514691 2.297642
-1.512739 2.287834
-1.510785 2.278027
-1.508826 2.268221
-1.506865 2.258415
-1.504901 2.248610
-1.502933 2.238805
-1.500962 2.229002
-1.498988 2.219198
-1.497011 2.209396
-1.495032 2.199594
-1.493049 2.189792
-1.491063 2.179991
-1.489074 2.170191
-1.487083 2.160391
-1.485089 2.150592
-1.483091 2.140794
-1.481092 2.130996
-1.479089 2.121198
-1.477083 2.111401
-1.475075 2.101605
-1.473065 2.091809
-1.471051 2.082014
-1.469035 2.072220
-1.467017 2.062425
-1.464995 2.052632
-1.462971 2.042839
-1.460945 2.033046
-1.458916 2.023254
-1.456885 2.013463
-1.454851 2.003672
-1.452814 1.993881
-1.450775 1.984091
-1.448734 1.974302
-1.446690 1.964513
-1.444643 1.954725
-1.442594 1.944937
-1.440543 1.935150
-1.438489 1.925363
-1.436433 1.915576
-1.434374 1.905791
-1.432313 1.896005
-1.430250 1.886221
-1.428184 1.876436
-1.426115 1.866653
-1.424044 1.856869
-1.421971 1.847087
-1.419895 1.837304
-1.417817 1.827523
-1.415736 1.817742
-1.413653 1.807961
-1.411567 1.798181
-1.409479 1.788401
-1.407388 1.778622
-1.405295 1.768844
-1.403199 1.759066
-1.401101 1.749289
-1.399000 1.739512
-1.396897 1.729736
-1.394791 1.719960
-1.392682 1.710185
-1.390571 1.700410
-1.388457 1.690636
-1.386341 1.680863
-1.384222 1.671090
-1.382100 1.661317
-1.379976 1.651546
-1.377848 1.641774
-1.375718 1.632004
-1.373586 1.622234
-1.371450 1.612465
-1.369312 1.602696
-1.367170 1.592928
-1.365026 1.583161
-1.362879 1.573394
-1.360729 1.563628
-1.358576 1.553862
-1.356420 1.544097
-1.354261 1.534333
-1.352098 1.524570
-1.349933 1.514807
-1.347765 1.505045
-1.345593 1.495284
-1.343418 1.485523
-1.341240 1.475763
-1.339058 1.466004
-1.336874 1.456246
-1.334685 1.446488
-1.332494 1.436731
-1.330299 1.426975
-1.328100 1.417220
-1.325898 1.407465
-1.323692 1.397711
-1.321483 1.387959
-1.319269 1.378207
-1.317052 1.368455
-1.314832 1.358705
-1.312607 1.348956
-1.310379 1.339207
-1.308146 1.329460
-1.305910 1.319713
-1.303669 1.309967
-1.301424 1.300222
-1.299176 1.290478
-1.296923 1.280736
-1.294665 1.270994
-1.292403 1.261253
-1.290137 1.251513
-1.287867 1.241774
-1.285591 1.232036
-1.283312 1.222300
-1.281027 1.212564
-1.278738 1.202830
-1.276444 1.193096
-1.274145 1.183364
-1.271841 1.173633
-1.269532 1.163903
-1.267218 1.154175
-1.264899 1.144447
-1.262575 1.134721
-1.260245 1.124996
-1.257910 1.115273
-1.255570 1.105551
-1.253224 1.095830
-1.250873 1.086110
-1.248515 1.076392
-1.246152 1.066675
-1.243783 1.056960
-1.241409 1.047246
-1.239028 1.037533
-1.236641 1.027822
-1.234248 1.018113
-1.231848 1.008405
-1.229442 0.998699
-1.227030 0.988994
-1.224611 0.979291
-1.222186 0.969590
-1.219754 0.959890
-1.217315 0.950192
-1.214869 0.940496
-1.212416 0.930801
-1.209956 0.921108
-1.207489 0.911418
-1.205014 0.901729
-1.202532 0.892042
-1.200043 0.882356
-1.197545 0.872673
-1.195041 0.862992
-1.192528 0.853313
-1.190007 0.843636
-1.187478 0.833961
-1.184941 0.824288
-1.182396 0.814617
-1.179842 0.804949
-1.177280 0.795283
-1.174709 0.785619
-1.172130 0.775957
-1.169541 0.766298
-1.166944 0.756641
-1.164337 0.746987
-1.161722 0.737335
-1.159096 0.727686
-1.156462 0.718039
-1.153817 0.708395
-1.151163 0.698754
-1.148499 0.689115
-1.145825 0.679479
-1.143141 0.669846
-1.140446 0.660216
-1.137741 0.650589
-1.135026 0.640965
-1.132300 0.631344
-1.129562 0.621725
-1.126814 0.612110
-1.124055 0.602499
-1.121284 0.592890
-1.118502 0.583285
-1.115708 0.573683
-1.112903 0.564085
-1.110085 0.554490
-1.107256 0.544899
-1.104414 0.535311
-1.101559 0.525727
-1.098693 0.516147
-1.095813 0.506570
-1.092920 0.496998
-1.090015 0.487429
-1.087096 0.477865
-1.084163 0.468304
-1.081217 0.458748
-1.078257 0.449196
-1.075283 0.439649
-1.072295 0.430105
-1.069293 0.420567
-1.066276 0.411033
-1.063244 0.401503
-1.060198 0.391979
-1.057136 0.382459
-1.054059 0.372944
-1.050966 0.363435
-1.047857 0.353930
-1.044733 0.344431
-1.041592 0.334937
-1.038435 0.325448
-1.035262 0.315965
-1.032071 0.306488
-1.028864 0.297016
-1.025639 0.287550
-1.022397 0.278090
-1.019137 0.268636
-1.015859 0.259189
-1.012563 0.249748
-1.009249 0.240313
-1.005916 0.230885
-1.002564 0.221463
-0.999193 0.212049
-0.995802 0.202641
-0.992392 0.193241
-0.988962 0.183847
-0.985511 0.174461
-0.982040 0.165083
-0.978549 0.155712
-0.975036 0.146349
-0.971503 0.136995
-0.967947 0.127648
-0.964370 0.118310
-0.960771 0.108980
-0.957150 0.099659
-0.953505 0.090346
-0.949838 0.081043
-0.946148 0.071749
-0.942433 0.062464
-0.938696 0.053189
-0.934933 0.043924
-0.931147 0.034668
-0.927335 0.025423
-0.923499 0.016188
-0.919637 0.006964
-0.915749 -0.002249
-0.911835 -0.011451
-0.907894 -0.020642
-0.903927 -0.029821
-0.899932 -0.038989
-0.895910 -0.048145
-0.891860 -0.057288
-0.887782 -0.066418
-0.883676 -0.075536
-0.879540 -0.084641
-0.875375 -0.093733
-0.871181 -0.102810
-0.866956 -0.111874
-0.862701 -0.120924
-0.858415 -0.129959
-0.854098 -0.138979
-0.849749 -0.147984
-0.845368 -0.156973
-0.840955 -0.165946
-0.836508 -0.174904
-0.832029 -0.183844
-0.827516 -0.192768
-0.822969 -0.201674
-0.818388 -0.210563
-0.813771 -0.219434
-0.809119 -0.228286
-0.804432 -0.237119
-0.799708 -0.245933
-0.794948 -0.254728
-0.790150 -0.263502
-0.785315 -0.272255
-0.780442 -0.280988
-0.775531 -0.289699
-0.770581 -0.298387
-0.765591 -0.307054
-0.760562 -0.315697
-0.755493 -0.324317
-0.750383 -0.332913
-0.745232 -0.341484
-0.740039 -0.350030
-0.734804 -0.358551
-0.729527 -0.367045
-0.724207 -0.375513
-0.718844 -0.383953
-0.713437 -0.392365
-0.707985 -0.400748
-0.702489 -0.409103
-0.696948 -0.417427
-0.691361 -0.425721
-0.685728 -0.433983
-0.680049 -0.442214
-0.674323 -0.450413
-0.668550 -0.458578
-0.662729 -0.466709
-0.656859 -0.474805
-0.650942 -0.482867
-0.644975 -0.490892
-0.638959 -0.498880
-0.632894 -0.506830
-0.626779 -0.514743
-0.620613 -0.522616
-0.614396 -0.530449
-0.608129 -0.538241
-0.601810 -0.545992
-0.595440 -0.553700
-0.589018 -0.561366
-0.582544 -0.568987
-0.576017 -0.576563
-0.569438 -0.584094
-0.562805 -0.591579
-0.556120 -0.599016
-0.549382 -0.606405
-0.542590 -0.613745
-0.535745 -0.621035
-0.528847 -0.628274
-0.521894 -0.635462
-0.514888 -0.642598
-0.507829 -0.649681
-0.500715 -0.656709
-0.493548 -0.663683
-0.486328 -0.670601
-0.479053 -0.677463
-0.471725 -0.684268
-0.464344 -0.691015
-0.456910 -0.697703
-0.449422 -0.704332
-0.441882 -0.710900
-0.434289 -0.717408
-0.426644 -0.723854
-0.418947 -0.730238
-0.411198 -0.736560
-0.403398 -0.742817
-0.395547 -0.749011
-0.387646 -0.755140
-0.379694 -0.761204
-0.371693 -0.767203
-0.363642 -0.773135
-0.355543 -0.779001
-0.347396 -0.784799
-0.339201 -0.790531
-0.330959 -0.796194
-0.322671 -0.801789
-0.314337 -0.807316
-0.305958 -0.812775
-0.297535 -0.818164
-0.289067 -0.823484
-0.280556 -0.828735
-0.272003 -0.833916
-0.263409 -0.839028
-0.254773 -0.844070
-0.246096 -0.849043
-0.237381 -0.853945
-0.228626 -0.858778
-0.219833 -0.863542
-0.211003 -0.868235
-0.202136 -0.872860
-0.193234 -0.877414
-0.184296 -0.881900
-0.175324 -0.886316
-0.166318 -0.890663
-0.157280 -0.894941
-0.148209 -0.899151
-0.139107 -0.903292
-0.129974 -0.907366
-0.120811 -0.911371
-0.111618 -0.915308
-0.102398 -0.919178
-0.093149 -0.922981
-0.083873 -0.926717
-0.074570 -0.930386
-0.065242 -0.933989
-0.055888 -0.937526
-0.046510 -0.940997
-0.037107 -0.944402
-0.027681 -0.947741
-0.018232 -0.951016
-0.008761 -0.954225
0.000731 -0.957370
0.010245 -0.960450
0.019780 -0.963465
0.029335 -0.966416
0.038909 -0.969303
0.048502 -0.972126
0.058114 -0.974884
0.067745 -0.977579
0.077393 -0.980209
0.087058 -0.982776
0.096740 -0.985278
0.106438 -0.987716
0.116152 -0.990090
0.125882 -0.992399
0.135627 -0.994643
0.145387 -0.996823
0.155161 -0.998937
0.164949 -1.000985
0.174750 -1.002968
0.184565 -1.004884
0.194392 -1.006733
0.204232 -1.008515
0.214085 -1.010229
0.223948 -1.011875
0.233823 -1.013451
0.243709 -1.014957
0.253606 -1.016392
0.263513 -1.017756
0.273429 -1.019047
0.283355 -1.020264
0.293289 -1.021407
0.303232 -1.022475
0.313183 -1.023466
0.323141 -1.024379
0.333107 -1.025212
0.343078 -1.025966
0.353056 -1.026637
0.363038 -1.027225
0.373026 -1.027728
0.383017 -1.028145
0.393012 -1.028474
0.403009 -1.028714
0.413008 -1.028862
0.423008 -1.028916
0.433008 -1.028876
0.443007 -1.028738
0.453005 -1.028502
0.462999 -1.028165
0.472990 -1.027724
0.482975 -1.027179
0.492954 -1.026526
0.502925 -1.025764
0.512887 -1.024890
0.522838 -1.023903
0.532777 -1.022799
0.542702 -1.021577
0.552612 -1.020235
0.562504 -1.018769
0.572377 -1.017179
0.582229 -1.015462
0.592057 -1.013615
0.601860 -1.011636
0.611634 -1.009524
0.621379 -1.007277
0.631090 -1.004892
0.640767 -1.002367
0.650405 -0.999702
0.660003 -0.996894
0.669558 -0.993942
0.679066 -0.990845
0.688526 -0.987601
0.697933 -0.984209
0.707286 -0.980669
0.716581 -0.976980
0.725815 -0.973142
0.734985 -0.969153
0.744089 -0.965015
0.753123 -0.960727
0.762084 -0.956290
0.770971 -0.951704
0.779779 -0.946970
0.788507 -0.942090
0.797152 -0.937063
0.805711 -0.931892
0.814183 -0.926579
0.822564 -0.921124
0.830854 -0.915530
0.839049 -0.909800
0.847148 -0.903935
0.855151 -0.897938
0.863054 -0.891811
0.870857 -0.885558
0.878560 -0.879180
0.886160 -0.872681
0.893657 -0.866064
0.901051 -0.859331
0.908341 -0.852486
0.915527 -0.845532
0.922609 -0.838471
0.929586 -0.831308
0.936459 -0.824044
0.943228 -0.816683
0.949893 -0.809228
0.956456 -0.801683
0.962915 -0.794049
0.969273 -0.786330
0.975529 -0.778529
0.981685 -0.770649
0.987742 -0.762691
0.993701 -0.754660
0.999561 -0.746558
1.005326 -0.738386
1.010995 -0.730149
1.016570 -0.721847
1.022053 -0.713484
1.027443 -0.705061
1.032744 -0.696582
1.037955 -0.688047
1.043078 -0.679459
1.048115 -0.670820
1.053066 -0.662131
1.057933 -0.653396
1.062717 -0.644615
1.067420 -0.635790
1.072043 -0.626922
1.076587 -0.618014
1.081053 -0.609067
1.085442 -0.600082
1.089757 -0.591060
1.093997 -0.582004
1.098164 -0.572913
1.102260 -0.563790
1.106285 -0.554636
1.110240 -0.545452
1.114127 -0.536238
1.117947 -0.526997
1.121701 -0.517728
1.125390 -0.508433
1.129015 -0.499113
1.132576 -0.489769
1.136076 -0.480401
1.139514 -0.471011
1.142893 -0.461599
1.146212 -0.452166
1.149472 -0.442712
1.152675 -0.433239
1.155822 -0.423747
1.158913 -0.414237
1.161948 -0.404709
1.164930 -0.395163
1.167858 -0.385602
1.170733 -0.376024
1.173557 -0.366431
1.176329 -0.356823
1.179051 -0.347201
1.181723 -0.337564
1.184346 -0.327914
1.186920 -0.318251
1.189447 -0.308576
1.191926 -0.298888
1.194358 -0.289188
1.196745 -0.279477
1.199086 -0.269755
1.201382 -0.260022
1.203633 -0.250279
1.205841 -0.240526
1.208005 -0.230763
1.210127 -0.220990
1.212206 -0.211209
1.214243 -0.201418
1.216238 -0.191619
1.218192 -0.181812
1.220106 -0.171997
1.221980 -0.162174
1.223814 -0.152344
1.225608 -0.142506
1.227363 -0.132661
1.229080 -0.122810
1.230758 -0.112951
1.232399 -0.103087
1.234002 -0.093216
1.235567 -0.083339
1.237096 -0.073457
1.238588 -0.063569
1.240044 -0.053675
1.241464 -0.043777
1.242848 -0.033873
1.244196 -0.023964
1.245510 -0.014051
1.246788 -0.004133
1.248032 0.005789
1.249241 0.015716
1.250417 0.025647
1.251558 0.035581
1.252666 0.045520
1.253740 0.055462
1.254781 0.065408
1.255789 0.075357
1.256764 0.085309
1.257706 0.095265
1.258616 0.105223
1.259493 0.115185
1.260339 0.125149
1.261152 0.135116
1.261934 0.145085
1.262684 0.155057
1.263403 0.165031
1.264090 0.175008
1.264746 0.184986
1.265371 0.194967
1.265966 0.204949
1.266529 0.214933
1.267062 0.224919
1.267565 0.234906
1.268037 0.244895
1.268478 0.254885
1.268890 0.264877
1.269271 0.274870
1.269623 0.284863
1.269944 0.294858
1.270236 0.304854
1.270499 0.314851
1.270731 0.324848
1.270934 0.334846
1.271108 0.344844
1.271252 0.354843
1.271367 0.364843
1.271453 0.374842
1.271510 0.384842
1.271538 0.394842
1.271536 0.404842
1.271506 0.414842
1.271446 0.424842
1.271358 0.434842
1.271241 0.444841
1.271096 0.454840
1.270921 0.464838
1.270718 0.474836
1.270486 0.484834
1.270226 0.494830
1.269937 0.504826
1.269620 0.514821
1.269274 0.524815
1.268899 0.534808
1.268497 0.544800
1.268065 0.554791
1.267606 0.564780
1.267117 0.574768
1.266601 0.584755
1.266056 0.594740
1.265483 0.604724
1.264881 0.614705
1.264252 0.624686
1.263593 0.634664
1.262907 0.644640
1.262192 0.654615
1.261449 0.664587
1.260678 0.674557
1.259878 0.684525
1.259050 0.694491
1.258194 0.704454
1.257309 0.714415
1.256396 0.724373
1.255455 0.734329
1.254485 0.744282
1.253487 0.754232
1.252461 0.764179
1.251406 0.774123
1.250323 0.784065
1.249212 0.794003
1.248072 0.803937
1.246903 0.813869
1.245707 0.823797
1.244481 0.833722
1.243228 0.843643
1.241946 0.853560
1.240635 0.863474
1.239295 0.873384
1.237928 0.883290
1.236531 0.893192
1.235106 0.903090
1.233652 0.912984
1.232170 0.922873
1.230659 0.932758
1.229119 0.942639
1.227550 0.952515
1.225953 0.962387
1.224326 0.972254
1.222671 0.982116
1.220987 0.991973
1.219274 1.001825
1.217532 1.011672
1.215762 1.021514
1.213962 1.031351
1.212133 1.041183
1.210275 1.051008
1.208388 1.060829
1.206472 1.070644
1.204527 1.080452
1.202552 1.090256
1.200548 1.100053
1.198515 1.109844
1.196453 1.119629
1.194361 1.129408
1.192240 1.139180
1.190090 1.148946
1.187910 1.158706
1.185701 1.168459
1.183462 1.178205
1.181193 1.187944
1.178895 1.197677
1.176568 1.207402
1.174211 1.217120
1.171824 1.226831
1.169407 1.236535
1.166961 1.246231
1.164485 1.255920
1.161979 1.265601
1.159443 1.275274
1.156878 1.284939
1.154282 1.294596
1.151657 1.304246
1.149001 1.313887
1.146316 1.323519
1.143600 1.333144
1.140855 1.342759
1.138079 1.352366
1.135274 1.361965
1.132438 1.371554
1.129572 1.381135
1.126676 1.390706
1.123750 1.400269
1.120793 1.409822
1.117806 1.419365
1.114789 1.428899
1.111742 1.438424
1.108664 1.447938
1.105556 1.457443
1.102418 1.466938
1.099249 1.476422
1.096050 1.485897
1.092820 1.495361
1.089560 1.504815
1.086270 1.514258
1.082949 1.523690
1.079597 1.533112
1.076215 1.542523
1.072803 1.551922
1.069360 1.561311
1.065886 1.570688
1.062382 1.580054
1.058848 1.589409
1.055283 1.598752
1.051687 1.608083
1.048061 1.617402
1.044404 1.626710
1.040717 1.636005
1.036999 1.645288
1.033250 1.654559
1.029471 1.663818
1.025662 1.673064
1.021822 1.682297
1.017951 1.691518
1.014050 1.700725
1.010118 1.709920
1.006156 1.719101
1.002163 1.728270
0.998140 1.737425
0.994086 1.746566
0.990002 1.755694
0.985887 1.764809
0.981742 1.773909
0.977567 1.782996
0.973361 1.792068
0.969125 1.801127
0.964858 1.810171
0.960562 1.819201
0.956235 1.828216
0.951877 1.837217
0.947490 1.846203
0.943072 1.855174
0.938624 1.864131
0.934146 1.873072
0.929638 1.881998
0.925100 1.890909
0.920532 1.899805
0.915934 1.908685
0.911306 1.917550
0.906648 1.926399
0.901960 1.935232
0.897243 1.944049
0.892496 1.952851
0.887719 1.961636
0.882913 1.970405
0.878077 1.979158
0.873211 1.987895
0.868316 1.996615
0.863392 2.005319
0.858438 2.014005
0.853456 2.022676
0.848444 2.031329
0.843403 2.039965
0.838332 2.048585
0.833233 2.057187
0.828105 2.065772
0.822948 2.074340
0.817763 2.082890
0.812549 2.091423
0.807306 2.099939
0.802035 2.108437
0.796735 2.116917
0.791407 2.125379
0.786051 2.133824
0.780666 2.142250
0.775254 2.150659
0.769813 2.159050
0.764345 2.167422
0.758849 2.175776
0.753325 2.184112
0.747774 2.192430
0.742195 2.200729
0.736589 2.209010
0.730955 2.217272
0.725294 2.225516
0.719607 2.233741
0.713892 2.241947
0.708151 2.250135
0.702383 2.258303
0.696588 2.266453
0.690767 2.274584
0.684919 2.282696
0.679045 2.290790
0.673145 2.298864
0.667219 2.306919
0.661268 2.314955
0.655290 2.322971
0.649287 2.330969
0.643258 2.338948
0.637204 2.346907
0.631125 2.354847
0.625021 2.362768
0.618892 2.370669
0.612738 2.378551
0.606559 2.386414
0.600356 2.394258
0.594128 2.402082
0.587876 2.409887
0.581600 2.417672
0.575301 2.425438
0.568977 2.433185
0.562630 2.440912
0.556259 2.448620
0.549865 2.456309
0.543447 2.463978
0.537007 2.471628
0.530544 2.479259
0.524058 2.486870
0.517549 2.494462
0.511018 2.502035
0.504465 2.509588
0.497890 2.517123
0.491293 2.524638
0.484674 2.532134
0.478033 2.539611
0.471371 2.547069
0.464688 2.554507
0.457984 2.561927
0.451259 2.569328
0.444513 2.576710
0.437746 2.584073
0.430960 2.591417
0.424152 2.598743
0.417325 2.606050
0.410478 2.613338
0.403611 2.620607
0.396725 2.627859
0.389819 2.635091
0.382895 2.642306
0.375951 2.649502
0.368988 2.656680
0.362007 2.663839
0.355007 2.670981
0.347989 2.678105
0.340953 2.685211
0.333899 2.692299
0.326827 2.699369
0.319738 2.706422
0.312631 2.713457
0.305508 2.720475
0.298367 2.727476
0.291209 2.734459
0.284035 2.741426
0.276844 2.748375
0.269637 2.755308
0.262414 2.762223
0.255175 2.769123
0.247921 2.776005
0.240650 2.782871
0.233365 2.789721
0.226064 2.796555
0.218749 2.803373
0.211418 2.810175
0.204073 2.816961
0.196714 2.823731
0.189340 2.830486
0.181953 2.837226
0.174551 2.843950
0.167136 2.850660
0.159707 2.857354
0.152265 2.864034
0.144810 2.870699
0.137342 2.877349
0.129861 2.883985
0.122368 2.890607
0.114862 2.897215
0.107344 2.903808
0.099814 2.910389
0.092272 2.916955
0.084718 2.923508
0.077153 2.930048
0.069577 2.936574
0.061989 2.943088
0.054390 2.949589
0.046781 2.956077
0.039161 2.962553
0.031530 2.969016
0.023889 2.975467
0.016238 2.981907
0.008577 2.988334
0.000907 2.994749
-0.006774 3.001154
-0.014463 3.007546
-0.022162 3.013928
-0.029871 3.020298
-0.037588 3.026658
-0.045314 3.033007
-0.053048 3.039346
-0.060791 3.045674
-0.068543 3.051991
-0.076303 3.058299
-0.084070 3.064597
-0.091846 3.070885
-0.099629 3.077164
-0.107420 3.083433
-0.115218 3.089693
-0.123023 3.095944
-0.130836 3.102186
-0.138656 3.108419
-0.146482 3.114644
-0.154315 3.120860
-0.162155 3.127068
-0.170001 3.133268
-0.177854 3.139460
-0.185713 3.145643
-0.193578 3.151820
-0.201448 3.157988
-0.209325 3.164149
-0.217207 3.170303
-0.225095 3.176450
-0.232988 3.182590
-0.240886 3.188723
-0.248790 3.194849
-0.256699 3.200969
-0.264613 3.207082
-0.272531 3.213189
-0.280455 3.219290
-0.288383 3.225385
-0.296316 3.231473
-0.304253 3.237556
-0.312194 3.243633
-0.320140 3.249705
-0.328090 3.255771
-0.336044 3.261832
-0.344002 3.267887
-0.351965 3.273937
-0.359931 3.279982
-0.367900 3.286022
-0.375874 3.292058
-0.383851 3.298088
-0.391832 3.304114
-0.399816 3.310135
-0.407804 3.316151
-0.415795 3.322163
-0.423789 3.328170
-0.431787 3.334173
-0.439788 3.340172
-0.447792 3.346166
-0.455799 3.352156
-0.463810 3.358143
-0.471823 3.364124
-0.479840 3.370102
-0.487860 3.376076
-0.495882 3.382046
-0.503908 3.388012
-0.511936 3.393974
-0.519968 3.399931
-0.528002 3.405885
-0.536039 3.411835
-0.544079 3.417781
-0.552123 3.423723
-0.560169 3.429661
-0.568218 3.435596
-0.576269 3.441526
-0.584324 3.447452
-0.592382 3.453374
-0.600443 3.459292
-0.608507 3.465206
-0.616574 3.471116
-0.624644 3.477021
-0.632717 3.482922
-0.640794 3.488819
-0.648873 3.494711
-0.656956 3.500599
-0.665043 3.506482
-0.673132 3.512360
-0.681226 3.518234
-0.689323 3.524102
-0.697423 3.529966
-0.705528 3.535824
-0.713636 3.541677
-0.721748 3.547525
-0.729864 3.553367
-0.737984 3.559203
-0.746109 3.565033
-0.754238 3.570857
-0.762372 3.576674
-0.770510 3.582485
-0.778653 3.588290
-0.786801 3.594087
-0.794954 3.599877
-0.803113 3.605660
-0.811277 3.611435
-0.819446 3.617202
-0.827622 3.622961
-0.835803 3.628711
-0.843991 3.634452
-0.852185 3.640184
-0.860385 3.645907
-0.868593 3.651620
-0.876808 3.657322
-0.885030 3.663014
-0.893259 3.668695
-0.901497 3.674364
-0.909743 3.680022
-0.917997 3.685667
-0.926260 3.691299
-0.934532 3.696919
-0.942813 3.702524
-0.951104 3.708115
-0.959406 3.713690
-0.967717 3.719251
-0.976040 3.724795
-0.984373 3.730322
-0.992719 3.735832
-1.001076 3.741323
-1.009446 3.746796
-1.017828 3.752248
-1.026224 3.757680
-1.034634 3.763091
-1.043058 3.768479
-1.051498 3.773844
-1.059952 3.779184
-1.068423 3.784499
-1.076911 3.789787
-1.085415 3.795047
-1.093938 3.800278
-1.102479 3.805479
-1.111039 3.810649
-1.119620 3.815784
-1.128221 3.820886
-1.136843 3.825950
-1.145488 3.830977
-1.154156 3.835963
-1.162849 3.840907
-1.171566 3.845807
-1.180309 3.850661
-1.189079 3.855466
-1.197877 3.860220
-1.206704 3.864919
-1.215561 3.869561
-1.224449 3.874143
-1.233370 3.878662
-1.242325 3.883114
-1.251314 3.887494
-1.260340 3.891799
-1.269404 3.896024
-1.278506 3.900164
-1.287649 3.904215
-1.296834 3.908169
-1.306063 3.912021
-1.315336 3.915764
-1.324655 3.919390
-1.334022 3.922892
-1.343438 3.926260
-1.352904 3.929484
-1.362421 3.932554
-1.371990 3.935457
-1.381612 3.938182
-1.391286 3.940712
-1.401013 3.943033
-1.410792 3.945127
-1.420619 3.946976
-1.430494 3.948557
-1.440410 3.949848
-1.450362 3.950825
-1.460342 3.951459
-1.470338 3.951724
-1.480337 3.951588
-1.490321 3.951020
-1.500268 3.949989
-1.510151 3.948464
-1.519939 3.946418
-1.529598 3.943826
-1.539087 3.940670
-1.548366 3.936941
-1.557392 3.932638
-1.566127 3.927769
-1.574534 3.922354
-1.582583 3.916420
-1.590253 3.910003
-1.597528 3.903143
-1.604403 3.895881
-1.610878 3.888260
-1.616961 3.880323
-1.622661 3.872107
-1.627994 3.863647
-1.632977 3.854977
-1.637628 3.846125
-1.641965 3.837114
-1.646007 3.827967
-1.649771 3.818703
-1.653274 3.809337
-1.656534 3.799883
-1.659564 3.790353
-1.662381 3.780758
-1.664995 3.771106
-1.667421 3.761404
-1.669670 3.751660
-1.671751 3.741879
-1.673676 3.732066
-1.675452 3.722225
-1.677088 3.712360
-1.678592 3.702474
-1.679971 3.692569
-1.681232 3.682649
-1.682381 3.672715
-1.683423 3.662770
-1.684364 3.652814
-1.685208 3.642850
-1.685961 3.632878
-1.686626 3.622900
-1.687208 3.612917
-1.687710 3.602930
-1.688136 3.592939
-1.688489 3.582945
-1.688773 3.572949
-1.688989 3.562952
-1.689141 3.552953
-1.689232 3.542953
-1.689263 3.532953
-1.689237 3.522953
-1.689156 3.512954
-1.689023 3.502955
-1.688839 3.492956
-1.688606 3.482959
-1.688325 3.472963
-1.687999 3.462968
-1.687629 3.452975
-1.687216 3.442984
-1.686762 3.432994
-1.686269 3.423006
-1.685736 3.413020
-1.685167 3.403036
-1.684561 3.393055
-1.683920 3.383075
-1.683246 3.373098
-1.682538 3.363123
-1.681799 3.353150
-1.681028 3.343180
-1.680228 3.333212
-1.679398 3.323247
-1.678540 3.313284
-1.677654 3.303323
-1.676741 3.293365
-1.675803 3.283409
-1.674839 3.273455
-1.673850 3.263504
-1.672837 3.253556
-1.671801 3.243610
-1.670742 3.233666
-1.669660 3.223724
-1.668557 3.213785
-1.667433 3.203849
-1.666289 3.193915
-1.665124 3.183983
-1.663940 3.174053
-1.662737 3.164126
-1.661515 3.154201
-1.660275 3.144278
-1.659017 3.134357
-1.657742 3.124439
-1.656450 3.114523
-1.655141 3.104609
-1.653817 3.094697
-1.652476 3.084787
-1.651121 3.074879
-1.649750 3.064974
-1.648364 3.055070
-1.646965 3.045168
-1.645551 3.035269
-1.644123 3.025371
-1.642682 3.015476
-1.641228 3.005582
-1.639761 2.995690
-1.638281 2.985800
-1.636789 2.975912
-1.635286 2.966026
-1.633770 2.956141
-1.632243 2.946259
-1.630704 2.936378
-1.629155 2.926499
-1.627594 2.916621
-1.626023 2.906745
-1.624442 2.896871
-1.622851 2.886999
-1.621249 2.877128
-1.619638 2.867258
-1.618017 2.857390
-1.616387 2.847524
-1.614748 2.837659
-1.613100 2.827796
-1.611443 2.817934
-1.609778 2.808074
-1.608104 2.798215
-1.606422 2.788358
-1.604731 2.778502
-1.603033 2.768647
-1.601327 2.758793
-1.599613 2.748941
-1.597892 2.739091
-1.596163 2.729241
-1.594427 2.719393
-1.592684 2.709546
-1.590935 2.699700
-1.589178 2.689856
-1.587415 2.680012
-1.585645 2.670170
-1.583869 2.660329
-1.582086 2.650490
-1.580297 2.640651
-1.578503 2.630813
-1.576702 2.620977
-1.574895 2.611141
-1.573083 2.601307
-1.571265 2.591473
-1.569441 2.581641
-1.567612 2.571810
-1.565778 2.561979
-1.563939 2.552150
-1.562094 2.542322
-1.560244 2.532494
-1.558390 2.522668
-1.556530 2.512842
-1.554666 2.503017
-1.552797 2.493194
-1.550923 2.483371
-1.549045 2.473549
-1.547163 2.463728
-1.545275 2.453907
-1.543384 2.444088
-1.541489 2.434269
-1.539589 2.424451
-1.537685 2.414634
-1.535777 2.404818
-1.533865 2.395002
-1.531949 2.385187
-1.530030 2.375373
-1.528106 2.365560
-1.526179 2.355748
-1.524248 2.345936
-1.522314 2.336125
-1.520376 2.326314
-1.518434 2.316504
-1.516489 2.306695
-1.514541 2.296887
-1.512589 2.287079
-1.510634 2.277272
-1.508676 2.267466
-1.506714 2.257660
-1.504749 2.247855
-1.502781 2.238051
-1.500810 2.228247
-1.498836 2.218444
-1.496859 2.208641
-1.494879 2.198839
-1.492896 2.189038
-1.490910 2.179237
-1.488921 2.169437
-1.486929 2.159637
-1.484935 2.149838
-1.482938 2.140039
-1.480937 2.130242
-1.478935 2.120444
-1.476929 2.110647
-1.474921 2.100851
-1.472910 2.091055
-1.470896 2.081260
-1.468880 2.071466
-1.466861 2.061671
-1.464840 2.051878
-1.462816 2.042085
-1.460789 2.032292
-1.458760 2.022500
-1.456728 2.012709
-1.454694 2.002918
-1.452657 1.993128
-1.450618 1.983338
-1.448576 1.973548
-1.446532 1.963760
-1.444486 1.953971
-1.442437 1.944183
-1.440385 1.934396
-1.438331 1.924609
-1.436275 1.914823
-1.434216 1.905037
-1.432154 1.895252
-1.430091 1.885467
-1.428024 1.875683
-1.425956 1.865899
-1.423885 1.856116
-1.421811 1.846334
-1.419735 1.836552
-1.417657 1.826770
-1.415576 1.816989
-1.413492 1.807208
-1.411406 1.797428
-1.409318 1.787649
-1.407227 1.777870
-1.405134 1.768091
-1.403038 1.758313
-1.400939 1.748536
-1.398838 1.738759
-1.396735 1.728983
-1.394629 1.719207
-1.392520 1.709432
-1.390409 1.699658
-1.388295 1.689884
-1.386178 1.680110
-1.384059 1.670337
-1.381937 1.660565
-1.379812 1.650793
-1.377684 1.641022
-1.375554 1.631252
-1.373421 1.621482
-1.371285 1.611713
-1.369147 1.601944
-1.367005 1.592176
-1.364861 1.582409
-1.362714 1.572642
-1.360563 1.562876
-1.358410 1.553111
-1.356254 1.543346
-1.354094 1.533582
-1.351932 1.523818
-1.349766 1.514056
-1.347598 1.504294
-1.345426 1.494532
-1.343251 1.484772
-1.341072 1.475012
-1.338890 1.465253
-1.336705 1.455494
-1.334517 1.445737
-1.332325 1.435980
-1.330130 1.426224
-1.327931 1.416469
-1.325728 1.406714
-1.323522 1.396961
-1.321312 1.387208
-1.319099 1.377456
-1.316882 1.367705
-1.314661 1.357955
-1.312436 1.348205
-1.310207 1.338457
-1.307974 1.328709
-1.305737 1.318963
-1.303497 1.309217
-1.301252 1.299472
-1.299002 1.289728
-1.296749 1.279986
-1.294491 1.270244
-1.292229 1.260503
-1.289963 1.250763
-1.287692 1.241025
-1.285416 1.231287
-1.283136 1.221550
-1.280851 1.211815
-1.278562 1.202080
-1.276267 1.192347
-1.273968 1.182615
-1.271664 1.172884
-1.269354 1.163155
-1.267040 1.153426
-1.264721 1.143699
-1.262396 1.133973
-1.260066 1.124248
-1.257731 1.114524
-1.255390 1.104802
-1.253043 1.095081
-1.250691 1.085362
-1.248334 1.075644
-1.245970 1.065927
-1.243601 1.056212
-1.241225 1.046498
-1.238844 1.036786
-1.236457 1.027075
-1.234063 1.017366
-1.231663 1.007658
-1.229257 0.997952
-1.226844 0.988247
-1.224425 0.978544
-1.221999 0.968843
-1.219566 0.959143
-1.217127 0.949445
-1.214680 0.939749
-1.212227 0.930055
-1.209766 0.920362
-1.207299 0.910672
-1.204823 0.900983
-1.202341 0.891296
-1.199851 0.881611
-1.197353 0.871928
-1.194847 0.862247
-1.192334 0.852568
-1.189813 0.842891
-1.187283 0.833216
-1.184746 0.823543
-1.182200 0.813873
-1.179646 0.804205
-1.177083 0.794539
-1.174511 0.784875
-1.171931 0.775214
-1.169342 0.765555
-1.166744 0.755898
-1.164136 0.746244
-1.161520 0.736592
-1.158894 0.726943
-1.156258 0.717297
-1.153613 0.707653
-1.150958 0.698012
-1.148294 0.688373
-1.145619 0.678738
-1.142934 0.669105
-1.140239 0.659475
-1.137533 0.649848
-1.134816 0.640224
-1.132089 0.630603
-1.129351 0.620985
-1.126602 0.611370
-1.123842 0.601759
-1.121070 0.592151
-1.118287 0.582546
-1.115493 0.572944
-1.112686 0.563346
-1.109868 0.553751
-1.107037 0.544160
-1.104194 0.534573
-1.101339 0.524989
-1.098471 0.515409
-1.095591 0.505833
-1.092697 0.496261
-1.089790 0.486693
-1.086870 0.477129
-1.083937 0.467569
-1.080990 0.458013
-1.078029 0.448461
-1.075054 0.438914
-1.072065 0.429371
-1.069061 0.419833
-1.066043 0.410299
-1.063010 0.400770
-1.059962 0.391246
-1.056899 0.381727
-1.053821 0.372212
-1.050727 0.362703
-1.047617 0.353199
-1.044492 0.343700
-1.041350 0.334206
-1.038192 0.324718
-1.035017 0.315235
-1.031825 0.305758
-1.028616 0.296287
-1.025390 0.286822
-1.022147 0.277362
-1.018886 0.267909
-1.015606 0.258462
-1.012309 0.249021
-1.008993 0.239587
-1.005658 0.230159
-1.002305 0.220738
-0.998932 0.211324
-0.995540 0.201917
-0.992128 0.192517
-0.988697 0.183124
-0.985245 0.173739
-0.981772 0.164361
-0.978279 0.154991
-0.974765 0.145629
-0.971230 0.136275
-0.967673 0.126929
-0.964094 0.117591
-0.960493 0.108262
-0.956870 0.098941
-0.953224 0.089630
-0.949555 0.080327
-0.945863 0.071034
-0.942147 0.061750
-0.938407 0.052475
-0.934643 0.043211
-0.930854 0.033956
-0.927041 0.024712
-0.923202 0.015478
-0.919338 0.006255
-0.915448 -0.002958
-0.911532 -0.012159
-0.907590 -0.021349
-0.903620 -0.030528
-0.899624 -0.039694
-0.895600 -0.048849
-0.891548 -0.057991
-0.887467 -0.067121
-0.883358 -0.076238
-0.879221 -0.085341
-0.875053 -0.094432
-0.870856 -0.103508
-0.866629 -0.112571
-0.862372 -0.121620
-0.858084 -0.130653
-0.853764 -0.139672
-0.849413 -0.148676
-0.845029 -0.157664
-0.840614 -0.166636
-0.836165 -0.175592
-0.831683 -0.184532
-0.827167 -0.193454
-0.822618 -0.202359
-0.818033 -0.211247
-0.813414 -0.220116
-0.808760 -0.228967
-0.804069 -0.237799
-0.799343 -0.246611
-0.794580 -0.255404
-0.789779 -0.264176
-0.784941 -0.272928
-0.780066 -0.281659
-0.775151 -0.290368
-0.770198 -0.299055
-0.765206 -0.307720
-0.760173 -0.316362
-0.755101 -0.324980
-0.749988 -0.333574
-0.744834 -0.342143
-0.739638 -0.350687
-0.734400 -0.359206
-0.729119 -0.367698
-0.723796 -0.376163
-0.718429 -0.384601
-0.713019 -0.393011
-0.707564 -0.401392
-0.702064 -0.409744
-0.696520 -0.418066
-0.690929 -0.426358
-0.685293 -0.434618
-0.679610 -0.442847
-0.673880 -0.451042
-0.668103 -0.459205
-0.662279 -0.467333
-0.656406 -0.475427
-0.650484 -0.483486
-0.644514 -0.491508
-0.638494 -0.499493
-0.632425 -0.507441
-0.626306 -0.515350
-0.620136 -0.523220
-0.613916 -0.531050
-0.607644 -0.538839
-0.601322 -0.546587
-0.594948 -0.554292
-0.588521 -0.561954
-0.582043 -0.569572
-0.575512 -0.577145
-0.568929 -0.584672
-0.562293 -0.592153
-0.555604 -0.599586
-0.548861 -0.606972
-0.542065 -0.614308
-0.535216 -0.621594
-0.528313 -0.628830
-0.521357 -0.636014
-0.514347 -0.643145
-0.507283 -0.650224
-0.500166 -0.657248
-0.492994 -0.664218
-0.485769 -0.671131
-0.478491 -0.677989
-0.471159 -0.684789
-0.463774 -0.691532
-0.456335 -0.698215
-0.448844 -0.704839
-0.441299 -0.711403
-0.433703 -0.717906
-0.426054 -0.724348
-0.418352 -0.730727
-0.410600 -0.737044
-0.402796 -0.743296
-0.394941 -0.749485
-0.387035 -0.755609
-0.379080 -0.761669
-0.371075 -0.767662
-0.363021 -0.773589
-0.354918 -0.779450
-0.346767 -0.785243
-0.338568 -0.790969
-0.330323 -0.796627
-0.322031 -0.802217
-0.313694 -0.807739
-0.305311 -0.813192
-0.296884 -0.818576
-0.288413 -0.823891
-0.279900 -0.829136
-0.271343 -0.834312
-0.262745 -0.839419
-0.254106 -0.844455
-0.245427 -0.849423
-0.236708 -0.854320
-0.227951 -0.859148
-0.219155 -0.863905
-0.210322 -0.868594
-0.201452 -0.873213
-0.192547 -0.877762
-0.183607 -0.882242
-0.174632 -0.886653
-0.165624 -0.890995
-0.156583 -0.895268
-0.147509 -0.899472
-0.138405 -0.903608
-0.129269 -0.907676
-0.120104 -0.911676
-0.110910 -0.915609
-0.101687 -0.919473
-0.092436 -0.923271
-0.083158 -0.927002
-0.073853 -0.930666
-0.064523 -0.934264
-0.055167 -0.937795
-0.045787 -0.941261
-0.036382 -0.944661
-0.026955 -0.947996
-0.017504 -0.951265
-0.008031 -0.954469
0.001463 -0.957609
0.010979 -0.960684
0.020515 -0.963694
0.030071 -0.966641
0.039647 -0.969522
0.049242 -0.972340
0.058855 -0.975094
0.068487 -0.977783
0.078136 -0.980409
0.087802 -0.982971
0.097486 -0.985468
0.107185 -0.987901
0.116901 -0.990270
0.126632 -0.992574
0.136378 -0.994813
0.146138 -0.996988
0.155913 -0.999097
0.165703 -1.001140
0.175505 -1.003118
0.185321 -1.005029
0.195149 -1.006873
0.204990 -1.008650
0.214843 -1.010358
0.224708 -1.011998
0.234584 -1.013569
0.244471 -1.015070
0.254368 -1.016499
0.264276 -1.017858
0.274193 -1.019143
0.284119 -1.020355
0.294054 -1.021492
0.303998 -1.022554
0.313949 -1.023539
0.323908 -1.024446
0.333874 -1.025273
0.343846 -1.026020
0.353824 -1.026685
0.363807 -1.027267
0.373795 -1.027764
0.383787 -1.028174
0.393781 -1.028496
0.403779 -1.028728
0.413778 -1.028869
0.423778 -1.028916
0.433778 -1.028869
0.443777 -1.028724
0.453774 -1.028480
0.463768 -1.028134
0.473758 -1.027686
0.483743 -1.027133
0.493722 -1.026472
0.503692 -1.025701
0.513653 -1.024818
0.523603 -1.023822
0.533542 -1.022709
0.543466 -1.021478
0.553374 -1.020126
0.563265 -1.018652
0.573136 -1.017051
0.582986 -1.015324
0.592812 -1.013467
0.602613 -1.011478
0.612385 -1.009356
0.622127 -1.007098
0.631836 -1.004702
0.641510 -1.002167
0.651145 -0.999491
0.660740 -0.996672
0.670291 -0.993709
0.679796 -0.990600
0.689252 -0.987345
0.698655 -0.983942
0.708004 -0.980390
0.717294 -0.976690
0.726523 -0.972840
0.735688 -0.968840
0.744786 -0.964690
0.753815 -0.960391
0.762771 -0.955942
0.771652 -0.951345
0.780454 -0.946600
0.789176 -0.941708
0.797814 -0.936670
0.806367 -0.931488
0.814831 -0.926164
0.823206 -0.920698
0.831488 -0.915094
0.839676 -0.909353
0.847768 -0.903478
0.855762 -0.897471
0.863658 -0.891334
0.871454 -0.885071
0.879148 -0.878684
0.886741 -0.872176
0.894230 -0.865550
0.901616 -0.858808
0.908898 -0.851955
0.916076 -0.844992
0.923150 -0.837923
0.930119 -0.830752
0.936984 -0.823481
0.943745 -0.816113
0.950402 -0.808651
0.956957 -0.801098
0.963408 -0.793458
0.969758 -0.785732
0.976007 -0.777925
0.982155 -0.770039
0.988204 -0.762076
0.994155 -0.754039
1.000009 -0.745931
1.005766 -0.737755
1.011428 -0.729512
1.016996 -0.721206
1.022471 -0.712838
1.027855 -0.704411
1.033148 -0.695926
1.038352 -0.687387
1.043469 -0.678795
1.048499 -0.670153
1.053444 -0.661461
1.058304 -0.652722
1.063082 -0.643937
1.067779 -0.635108
1.072396 -0.626238
1.076933 -0.617327
1.081393 -0.608376
1.085777 -0.599388
1.090086 -0.590364
1.094320 -0.581305
1.098482 -0.572212
1.102572 -0.563087
1.106591 -0.553930
1.110542 -0.544744
1.114424 -0.535528
1.118239 -0.526284
1.121988 -0.517013
1.125671 -0.507717
1.129291 -0.498395
1.132848 -0.489049
1.136343 -0.479679
1.139777 -0.470287
1.143150 -0.460874
1.146465 -0.451439
1.149721 -0.441984
1.152920 -0.432509
1.156062 -0.423016
1.159148 -0.413504
1.162180 -0.403974
1.165157 -0.394428
1.168081 -0.384865
1.170952 -0.375286
1.173772 -0.365692
1.176540 -0.356083
1.179258 -0.346459
1.181927 -0.336822
1.184546 -0.327171
1.187116 -0.317507
1.189639 -0.307830
1.192115 -0.298142
1.194544 -0.288441
1.196927 -0.278729
1.199264 -0.269006
1.201557 -0.259272
1.203805 -0.249528
1.206009 -0.239774
1.208170 -0.230011
1.210288 -0.220237
1.212364 -0.210455
1.214398 -0.200664
1.216390 -0.190865
1.218341 -0.181057
1.220252 -0.171241
1.222122 -0.161418
1.223953 -0.151587
1.225744 -0.141748
1.227497 -0.131903
1.229211 -0.122051
1.230886 -0.112192
1.232524 -0.102327
1.234124 -0.092456
1.235686 -0.082579
1.237212 -0.072696
1.238701 -0.062807
1.240154 -0.052914
1.241571 -0.043014
1.242953 -0.033110
1.244299 -0.023201
1.245609 -0.013288
1.246885 -0.003369
1.248126 0.006553
1.249333 0.016480
1.250506 0.026411
1.251644 0.036346
1.252750 0.046285
1.253821 0.056228
1.254859 0.066174
1.255865 0.076123
1.256837 0.086076
1.257777 0.096031
1.258684 0.105990
1.259560 0.115952
1.260403 0.125916
1.261214 0.135883
1.261993 0.145853
1.262741 0.155825
1.263457 0.165799
1.264142 0.175776
1.264796 0.185754
1.265418 0.195735
1.266010 0.205717
1.266571 0.215702
1.267102 0.225688
1.267602 0.235675
1.268072 0.245664
1.268511 0.255654
1.268920 0.265646
1.269299 0.275639
1.269649 0.285633
1.269968 0.295628
1.270258 0.305623
1.270518 0.315620
1.270748 0.325617
1.270949 0.335615
1.271120 0.345614
1.271262 0.355613
1.271375 0.365612
1.271459 0.375612
1.271513 0.385612
1.271538 0.395612
1.271535 0.405612
1.271502 0.415612
1.271441 0.425612
1.271350 0.435611
1.271231 0.445611
1.271083 0.455609
1.270907 0.465608
1.270701 0.475606
1.270467 0.485603
1.270205 0.495600
1.269914 0.505595
1.269594 0.515590
1.269246 0.525584
1.268869 0.535577
1.268464 0.545569
1.268031 0.555560
1.267569 0.565549
1.267079 0.575537
1.266560 0.585523
1.266013 0.595509
1.265438 0.605492
1.264834 0.615474
1.264202 0.625454
1.263542 0.635432
1.262853 0.645408
1.262136 0.655382
1.261391 0.665355
1.260617 0.675325
1.259815 0.685293
1.258985 0.695258
1.258127 0.705221
1.257240 0.715182
1.256325 0.725140
1.255381 0.735095
1.254409 0.745048
1.253409 0.754998
1.252381 0.764945
1.251324 0.774889
1.250239 0.784830
1.249125 0.794767
1.247983 0.804702
1.246812 0.814633
1.245613 0.824561
1.244386 0.834486
1.243130 0.844406
1.241846 0.854324
1.240533 0.864237
1.239191 0.874147
1.237821 0.884052
1.236422 0.893954
1.234995 0.903852
1.233539 0.913745
1.232054 0.923634
1.230541 0.933519
1.228999 0.943400
1.227428 0.953275
1.225828 0.963147
1.224200 0.973013
1.222543 0.982875
1.220856 0.992732
1.219141 1.002584
1.217397 1.012430
1.215624 1.022272
1.213822 1.032108
1.211991 1.041939
1.210131 1.051765
1.208242 1.061585
1.206323 1.071399
1.204376 1.081207
1.202399 1.091010
1.200393 1.100807
1.198358 1.110597
1.196293 1.120382
1.194199 1.130160
1.192076 1.139932
1.189923 1.149698
1.187741 1.159457
1.185529 1.169209
1.183288 1.178955
1.181018 1.188694
1.178717 1.198426
1.176387 1.208150
1.174028 1.217868
1.171639 1.227579
1.169220 1.237282
1.166771 1.246977
1.164293 1.256665
1.161785 1.266346
1.159247 1.276018
1.156679 1.285683
1.154081 1.295339
1.151453 1.304988
1.148796 1.314628
1.146108 1.324260
1.143390 1.333884
1.140642 1.343499
1.137865 1.353106
1.135057 1.362703
1.132218 1.372292
1.129350 1.381872
1.126452 1.391443
1.123523 1.401004
1.120564 1.410557
1.117575 1.420099
1.114556 1.429633
1.111506 1.439156
1.108426 1.448670
1.105316 1.458174
1.102175 1.467668
1.099004 1.477152
1.095802 1.486626
1.092570 1.496089
1.089308 1.505542
1.086015 1.514984
1.082692 1.524416
1.079338 1.533837
1.075954 1.543247
1.072539 1.552646
1.069093 1.562033
1.065618 1.571410
1.062111 1.580775
1.058574 1.590129
1.055007 1.599471
1.051409 1.608801
1.047780 1.618119
1.044121 1.627426
1.040431 1.636720
1.036711 1.646003
1.032960 1.655272
1.029179 1.664530
1.025367 1.673775
1.021525 1.683007
1.017652 1.692227
1.013748 1.701434
1.009814 1.710627
1.005849 1.719808
1.001854 1.728975
0.997829 1.738129
0.993773 1.747270
0.989686 1.756396
0.985569 1.765510
0.981422 1.774609
0.977244 1.783695
0.973036 1.792766
0.968798 1.801823
0.964529 1.810867
0.960230 1.819895
0.955900 1.828909
0.951541 1.837909
0.947151 1.846894
0.942731 1.855864
0.938280 1.864819
0.933800 1.873760
0.929290 1.882685
0.924749 1.891595
0.920179 1.900489
0.915579 1.909368
0.910948 1.918231
0.906288 1.927079
0.901598 1.935911
0.896879 1.944727
0.892129 1.953528
0.887350 1.962312
0.882541 1.971080
0.877703 1.979831
0.872835 1.988567
0.867938 1.997286
0.863012 2.005988
0.858056 2.014673
0.853071 2.023342
0.848057 2.031994
0.843013 2.040629
0.837941 2.049248
0.832840 2.057849
0.827709 2.066432
0.822550 2.074999
0.817363 2.083548
0.812146 2.092080
0.806901 2.100594
0.801628 2.109090
0.796326 2.117569
0.790995 2.126030
0.785637 2.134473
0.780250 2.142898
0.774836 2.151306
0.769393 2.159695
0.763923 2.168066
0.758424 2.176419
0.752899 2.184753
0.747345 2.193069
0.741764 2.201367
0.736156 2.209647
0.730520 2.217907
0.724858 2.226150
0.719168 2.234373
0.713451 2.242578
0.707708 2.250764
0.701937 2.258931
0.696141 2.267080
0.690317 2.275209
0.684468 2.283320
0.678592 2.291412
0.672690 2.299484
0.666762 2.307538
0.660808 2.315572
0.654829 2.323588
0.648824 2.331584
0.642793 2.339561
0.636737 2.347519
0.630656 2.355457
0.624550 2.363377
0.618419 2.371276
0.612263 2.379157
0.606082 2.387019
0.599877 2.394861
0.593648 2.402683
0.587394 2.410487
0.581116 2.418270
0.574815 2.426035
0.568489 2.433780
0.562140 2.441506
0.555768 2.449213
0.549372 2.456900
0.542952 2.464568
0.536510 2.472216
0.530045 2.479845
0.523558 2.487455
0.517047 2.495046
0.510515 2.502617
0.503960 2.510169
0.497383 2.517702
0.490784 2.525216
0.484164 2.532710
0.477521 2.540186
0.470858 2.547642
0.464173 2.555079
0.457467 2.562498
0.450740 2.569897
0.443993 2.577277
0.437225 2.584639
0.430436 2.591982
0.423628 2.599306
0.416799 2.606611
0.409950 2.613898
0.403082 2.621166
0.396194 2.628416
0.389287 2.635647
0.382361 2.642860
0.375415 2.650055
0.368451 2.657231
0.361469 2.664390
0.354468 2.671530
0.347448 2.678652
0.340411 2.685757
0.333355 2.692844
0.326282 2.699913
0.319192 2.706964
0.312084 2.713998
0.304959 2.721015
0.297816 2.728014
0.290657 2.734996
0.283482 2.741961
0.276290 2.748909
0.269082 2.755841
0.261857 2.762755
0.254617 2.769653
0.247362 2.776534
0.240090 2.783399
0.232804 2.790248
0.225502 2.797080
0.218185 2.803897
0.210853 2.810698
0.203507 2.817483
0.196147 2.824252
0.188772 2.831006
0.181383 2.837744
0.173981 2.844467
0.166565 2.851176
0.159135 2.857869
0.151692 2.864547
0.144236 2.871211
0.136767 2.877860
0.129285 2.884495
0.121790 2.891116
0.114284 2.897723
0.106765 2.904315
0.099234 2.910894
0.091691 2.917460
0.084136 2.924012
0.076570 2.930551
0.068993 2.937076
0.061404 2.943589
0.053805 2.950089
0.046195 2.956576
0.038574 2.963051
0.030942 2.969513
0.023301 2.975963
0.015649 2.982402
0.007987 2.988828
0.000316 2.995243
-0.007365 3.001646
-0.015056 3.008038
-0.022755 3.014419
-0.030464 3.020788
-0.038182 3.027147
-0.045909 3.033495
-0.053644 3.039833
-0.061388 3.046160
-0.069140 3.052477
-0.076900 3.058784
-0.084668 3.065082
-0.092445 3.071369
-0.100228 3.077647
-0.108020 3.083915
-0.115819 3.090175
-0.123625 3.096425
-0.131438 3.102666
-0.139258 3.108899
-0.147085 3.115123
-0.154919 3.121338
-0.162759 3.127546
-0.170606 3.133745
-0.178459 3.139936
-0.186318 3.146119
-0.194183 3.152295
-0.202054 3.158463
-0.209931 3.164623
-0.217814 3.170777
-0.225702 3.176923
-0.233596 3.183062
-0.241495 3.189195
-0.249399 3.195321
-0.257308 3.201440
-0.265222 3.207553
-0.273141 3.213659
-0.281065 3.219759
-0.288993 3.225854
-0.296926 3.231942
-0.304864 3.238024
-0.312806 3.244101
-0.320752 3.250172
-0.328702 3.256238
-0.336657 3.262298
-0.344615 3.268353
-0.352578 3.274403
-0.360544 3.280447
-0.368514 3.286487
-0.376488 3.292522
-0.384465 3.298552
-0.392446 3.304577
-0.400431 3.310598
-0.408419 3.316614
-0.416410 3.322625
-0.424405 3.328632
-0.432403 3.334635
-0.440404 3.340633
-0.448408 3.346628
-0.456416 3.352617
-0.464427 3.358603
-0.472440 3.364585
-0.480457 3.370562
-0.488477 3.376536
-0.496500 3.382505
-0.504526 3.388471
-0.512554 3.394432
-0.520586 3.400390
-0.528621 3.406343
-0.536658 3.412293
-0.544698 3.418239
-0.552742 3.424181
-0.560788 3.430118
-0.568837 3.436052
-0.576889 3.441982
-0.584945 3.447908
-0.593003 3.453830
-0.601064 3.459747
-0.609128 3.465661
-0.617195 3.471570
-0.625265 3.477475
-0.633339 3.483376
-0.641415 3.489273
-0.649495 3.495164
-0.657579 3.501052
-0.665665 3.506935
-0.673755 3.512813
-0.681849 3.518686
-0.689946 3.524554
-0.698047 3.530417
-0.706152 3.536275
-0.714260 3.542128
-0.722372 3.547975
-0.730489 3.553816
-0.738610 3.559652
-0.746735 3.565481
-0.754864 3.571305
-0.762998 3.577122
-0.771137 3.582932
-0.779280 3.588736
-0.787429 3.594533
-0.795582 3.600323
-0.803741 3.606105
-0.811905 3.611879
-0.820075 3.617645
-0.828251 3.623403
-0.836433 3.629153
-0.844621 3.634894
-0.852816 3.640625
-0.861017 3.646347
-0.869225 3.652059
-0.877440 3.657761
-0.885663 3.663452
-0.893893 3.669132
-0.902132 3.674800
-0.910378 3.680457
-0.918633 3.686101
-0.926896 3.691732
-0.935169 3.697351
-0.943451 3.702955
-0.951743 3.708544
-0.960045 3.714119
-0.968357 3.719678
-0.976681 3.725221
-0.985015 3.730747
-0.993361 3.736255
-1.001720 3.741745
-1.010090 3.747216
-1.018474 3.752667
-1.026871 3.758098
-1.035282 3.763507
-1.043708 3.768893
-1.052148 3.774256
-1.060604 3.779594
-1.069076 3.784907
-1.077565 3.790193
-1.086071 3.795451
-1.094595 3.800680
-1.103137 3.805878
-1.111699 3.811045
-1.120281 3.816178
-1.128884 3.821277
-1.137508 3.826339
-1.146155 3.831362
-1.154825 3.836345
-1.163519 3.841286
-1.172238 3.846183
-1.180983 3.851033
-1.189755 3.855834
-1.198555 3.860583
-1.207385 3.865278
-1.216244 3.869916
-1.225135 3.874494
-1.234058 3.879007
-1.243016 3.883453
-1.252008 3.887828
-1.261037 3.892127
-1.270103 3.896346
-1.279209 3.900480
-1.288355 3.904523
-1.297543 3.908469
-1.306775 3.912313
-1.316052 3.916047
-1.325374 3.919665
-1.334745 3.923156
-1.344165 3.926513
-1.353635 3.929726
-1.363156 3.932783
-1.372729 3.935674
-1.382355 3.938384
-1.392033 3.940899
-1.401764 3.943203
-1.411546 3.945279
-1.421378 3.947107
-1.431255 3.948667
-1.441175 3.949935
-1.451129 3.950886
-1.461111 3.951493
-1.471108 3.951728
-1.481107 3.951560
-1.491089 3.950957
-1.501031 3.949889
-1.510908 3.948325
-1.520688 3.946238
-1.530335 3.943603
-1.539809 3.940404
-1.549070 3.936631
-1.558075 3.932283
-1.566786 3.927371
-1.575166 3.921915
-1.583187 3.915943
-1.590827 3.909490
-1.598072 3.902597
-1.604916 3.895306
-1.611360 3.887660
-1.617413 3.879700
-1.623084 3.871464
-1.628390 3.862987
-1.633347 3.854302
-1.637973 3.845436
-1.642286 3.836415
-1.646306 3.827258
-1.650049 3.817985
-1.653534 3.808612
-1.656775 3.799152
-1.659789 3.789617
-1.662589 3.780017
-1.665189 3.770360
-1.667601 3.760656
-1.669836 3.750909
-1.671905 3.741125
-1.673817 3.731310
-1.675582 3.721467
-1.677208 3.711600
-1.678703 3.701712
-1.680072 3.691806
-1.681324 3.681885
-1.682465 3.671950
-1.683499 3.662004
-1.684432 3.652047
-1.685269 3.642083
-1.686015 3.632110
-1.686674 3.622132
-1.687250 3.612149
-1.687746 3.602161
-1.688166 3.592170
-1.688514 3.582176
-1.688792 3.572180
-1.689003 3.562182
-1.689150 3.552183
-1.689236 3.542183
-1.689263 3.532184
-1.689233 3.522184
-1.689148 3.512184
-1.689011 3.502185
-1.688823 3.492187
-1.688586 3.482189
-1.688302 3.472193
-1.687972 3.462199
-1.687599 3.452206
-1.687183 3.442215
-1.686726 3.432225
-1.686229 3.422237
-1.685694 3.412252
-1.685121 3.402268
-1.684513 3.392286
-1.683870 3.382307
-1.683192 3.372330
-1.682482 3.362355
-1.681741 3.352383
-1.680968 3.342413
-1.680165 3.332445
-1.679333 3.322480
-1.678473 3.312517
-1.677585 3.302556
-1.676670 3.292598
-1.675729 3.282643
-1.674763 3.272689
-1.673773 3.262738
-1.672758 3.252790
-1.671720 3.242844
-1.670659 3.232901
-1.669576 3.222959
-1.668472 3.213020
-1.667346 3.203084
-1.666200 3.193150
-1.665034 3.183218
-1.663848 3.173289
-1.662643 3.163362
-1.661420 3.153437
-1.660178 3.143514
-1.658919 3.133594
-1.657643 3.123675
-1.656350 3.113759
-1.655040 3.103845
-1.653714 3.093934
-1.652373 3.084024
-1.651016 3.074117
-1.649644 3.064211
-1.648257 3.054308
-1.646856 3.044406
-1.645441 3.034507
-1.644013 3.024610
-1.642571 3.014714
-1.641115 3.004821
-1.639647 2.994929
-1.638167 2.985039
-1.636674 2.975151
-1.635169 2.965265
-1.633653 2.955381
-1.632125 2.945498
-1.630585 2.935617
-1.629035 2.925738
-1.627474 2.915861
-1.625902 2.905985
-1.624320 2.896111
-1.622728 2.886239
-1.621126 2.876368
-1.619514 2.866499
-1.617892 2.856631
-1.616262 2.846765
-1.614622 2.836900
-1.612973 2.827037
-1.611315 2.817175
-1.609649 2.807315
-1.607975 2.797456
-1.606292 2.787599
-1.604601 2.777743
-1.602902 2.767888
-1.601195 2.758035
-1.599481 2.748183
-1.597759 2.738332
-1.596030 2.728483
-1.594293 2.718635
-1.592550 2.708788
-1.590800 2.698942
-1.589042 2.689098
-1.587279 2.679255
-1.585508 2.669413
-1.583732 2.659572
-1.581949 2.649732
-1.580159 2.639893
-1.578364 2.630056
-1.576563 2.620219
-1.574756 2.610384
-1.572943 2.600550
-1.571125 2.590717
-1.569301 2.580884
-1.567471 2.571053
-1.565637 2.561223
-1.563797 2.551393
-1.561952 2.541565
-1.560102 2.531738
-1.558247 2.521911
-1.556387 2.512086
-1.554522 2.502261
-1.552653 2.492437
-1.550779 2.482615
-1.548900 2.472793
-1.547017 2.462972
-1.545130 2.453151
-1.543238 2.443332
-1.541342 2.433513
-1.539442 2.423695
-1.537538 2.413878
-1.535630 2.404062
-1.533718 2.394247
-1.531802 2.384432
-1.529882 2.374618
-1.527958 2.364805
-1.526031 2.354992
-1.524099 2.345180
-1.522165 2.335369
-1.520226 2.325559
-1.518285 2.315749
-1.516339 2.305940
-1.514391 2.296132
-1.512439 2.286324
-1.510483 2.276518
-1.508525 2.266711
-1.506563 2.256906
-1.504598 2.247100
-1.502630 2.237296
-1.500658 2.227492
-1.498684 2.217689
-1.496707 2.207887
-1.494727 2.198085
-1.492743 2.188283
-1.490757 2.178482
-1.488768 2.168682
-1.486776 2.158883
-1.484781 2.149084
-1.482784 2.139285
-1.480783 2.129487
-1.478780 2.119690
-1.476774 2.109893
-1.474766 2.100097
-1.472755 2.090301
-1.470741 2.080506
-1.468725 2.070712
-1.466705 2.060918
-1.464684 2.051124
-1.462660 2.041331
-1.460633 2.031539
-1.458603 2.021747
-1.456572 2.011955
-1.454537 2.002164
-1.452500 1.992374
-1.450461 1.982584
-1.448419 1.972795
-1.446375 1.963006
-1.444328 1.953218
-1.442279 1.943430
-1.440227 1.933643
-1.438173 1.923856
-1.436116 1.914070
-1.434057 1.904284
-1.431996 1.894499
-1.429932 1.884714
-1.427865 1.874930
-1.425796 1.865146
-1.423725 1.855363
-1.421651 1.845581
-1.419575 1.835799
-1.417496 1.826017
-1.415415 1.816236
-1.413332 1.806455
-1.411246 1.796675
-1.409157 1.786896
-1.407066 1.777117
-1.404972 1.767339
-1.402876 1.757561
-1.400778 1.747783
-1.398676 1.738007
-1.396573 1.728230
-1.394466 1.718455
-1.392357 1.708680
-1.390246 1.698905
-1.388132 1.689131
-1.386015 1.679358
-1.383895 1.669585
-1.381773 1.659813
-1.379648 1.650041
-1.377521 1.640270
-1.375390 1.630500
-1.373257 1.620730
-1.371121 1.610961
-1.368982 1.601192
-1.366840 1.591424
-1.364696 1.581657
-1.362548 1.571890
-1.360398 1.562124
-1.358244 1.552359
-1.356088 1.542594
-1.353928 1.532830
-1.351765 1.523067
-1.349599 1.513304
-1.347430 1.503542
-1.345258 1.493781
-1.343083 1.484020
-1.340904 1.474261
-1.338722 1.464502
-1.336537 1.454743
-1.334348 1.444986
-1.332156 1.435229
-1.329960 1.425473
-1.327761 1.415718
-1.325558 1.405963
-1.323352 1.396210
-1.321142 1.386457
-1.318928 1.376705
-1.316711 1.366954
-1.314489 1.357204
-1.312264 1.347455
-1.310035 1.337706
-1.307802 1.327959
-1.305565 1.318212
-1.303324 1.308467
-1.301079 1.298722
-1.298829 1.288978
-1.296575 1.279236
-1.294317 1.269494
-1.292055 1.259753
-1.289788 1.250014
-1.287517 1.240275
-1.285241 1.230537
-1.282960 1.220801
-1.280675 1.211065
-1.278385 1.201331
-1.276090 1.191598
-1.273791 1.181866
-1.271486 1.172135
-1.269176 1.162406
-1.266862 1.152677
-1.264542 1.142950
-1.262217 1.133224
-1.259886 1.123499
-1.257551 1.113776
-1.255209 1.104054
-1.252862 1.094333
-1.250510 1.084614
-1.248152 1.074896
-1.245788 1.065179
-1.243418 1.055464
-1.241042 1.045750
-1.238661 1.036038
-1.236273 1.026328
-1.233879 1.016618
-1.231478 1.006911
-1.229071 0.997205
-1.226658 0.987500
-1.224238 0.977797
-1.221812 0.968096
-1.219379 0.958397
-1.216939 0.948699
-1.214492 0.939003
-1.212038 0.929309
-1.209577 0.919616
-1.207108 0.909926
-1.204633 0.900237
-1.202149 0.890550
-1.199659 0.880865
-1.197160 0.871183
-1.194654 0.861502
-1.192140 0.851823
-1.189618 0.842146
-1.187088 0.832471
-1.184550 0.822799
-1.182003 0.813129
-1.179449 0.803461
-1.176885 0.793795
-1.174313 0.784131
-1.171732 0.774470
-1.169142 0.764811
-1.166543 0.755155
-1.163935 0.745501
-1.161318 0.735849
-1.158691 0.726201
-1.156055 0.716554
-1.153409 0.706911
-1.150754 0.697270
-1.148088 0.687631
-1.145413 0.677996
-1.142727 0.668363
-1.140031 0.658734
-1.137324 0.649107
-1.134607 0.639483
-1.131879 0.629863
-1.129140 0.620245
-1.126390 0.610630
-1.123629 0.601019
-1.120857 0.591411
-1.118073 0.581807
-1.115277 0.572205
-1.112470 0.562607
-1.109650 0.553013
-1.106819 0.543422
-1.103975 0.533835
-1.101119 0.524252
-1.098250 0.514672
-1.095368 0.505096
-1.092474 0.495524
-1.089566 0.485956
-1.086645 0.476393
-1.083711 0.466833
-1.080762 0.457277
-1.077800 0.447726
-1.074824 0.438179
-1.071834 0.428637
-1.068829 0.419099
-1.065810 0.409565
-1.062776 0.400037
-1.059727 0.390513
-1.056663 0.380994
-1.053583 0.371480
-1.050488 0.361971
-1.047377 0.352467
-1.044250 0.342969
-1.041107 0.333475
-1.037948 0.323988
-1.034772 0.314505
-1.031579 0.305029
-1.028369 0.295558
-1.025141 0.286093
-1.021896 0.276634
-1.018634 0.267182
-1.015353 0.257735
-1.012054 0.248295
-1.008737 0.238861
-1.005401 0.229434
-1.002046 0.220013
-0.998672 0.210600
-0.995278 0.201193
-0.991865 0.191794
-0.988432 0.182402
-0.984978 0.173017
-0.981504 0.163640
-0.978009 0.154270
-0.974494 0.144909
-0.970957 0.135555
-0.967398 0.126210
-0.963818 0.116873
-0.960215 0.107544
-0.956590 0.098224
-0.952942 0.088913
-0.949271 0.079611
-0.945577 0.070319
-0.941860 0.061036
-0.938118 0.051762
-0.934352 0.042498
-0.930562 0.033244
-0.926746 0.024001
-0.922906 0.014768
-0.919040 0.005545
-0.915148 -0.003666
-0.911230 -0.012867
-0.907285 -0.022056
-0.903314 -0.031234
-0.899315 -0.040399
-0.895289 -0.049553
-0.891235 -0.058694
-0.887152 -0.067823
-0.883041 -0.076939
-0.878901 -0.086042
-0.874731 -0.095131
-0.870532 -0.104207
-0.866303 -0.113268
-0.862043 -0.122316
-0.857752 -0.131348
-0.853430 -0.140366
-0.849076 -0.149369
-0.844691 -0.158355
-0.840272 -0.167326
-0.835821 -0.176281
-0.831337 -0.185219
-0.826818 -0.194140
-0.822266 -0.203044
-0.817679 -0.211930
-0.813057 -0.220798
-0.808400 -0.229647
-0.803707 -0.238478
-0.798977 -0.247289
-0.794211 -0.256080
-0.789408 -0.264851
-0.784567 -0.273601
-0.779689 -0.282330
-0.774771 -0.291038
-0.769815 -0.299723
-0.764820 -0.308386
-0.759784 -0.317026
-0.754709 -0.325642
-0.749593 -0.334234
-0.744435 -0.342802
-0.739236 -0.351344
-0.733995 -0.359860
-0.728711 -0.368351
-0.723385 -0.376814
-0.718014 -0.385250
-0.712600 -0.393657
-0.707142 -0.402036
-0.701639 -0.410386
-0.696091 -0.418706
-0.690497 -0.426995
-0.684857 -0.435253
-0.679171 -0.443479
-0.673437 -0.451672
-0.667657 -0.459832
-0.661828 -0.467958
-0.655952 -0.476049
-0.650026 -0.484104
-0.644052 -0.492124
-0.638029 -0.500106
-0.631956 -0.508051
-0.625833 -0.515957
-0.619659 -0.523824
-0.613435 -0.531651
-0.607160 -0.539437
-0.600833 -0.547181
-0.594455 -0.554883
-0.588025 -0.562542
-0.581542 -0.570156
-0.575007 -0.577726
-0.568420 -0.585250
-0.561780 -0.592727
-0.555086 -0.600157
-0.548340 -0.607538
-0.541540 -0.614870
-0.534687 -0.622153
-0.527780 -0.629384
-0.520819 -0.636564
-0.513805 -0.643692
-0.506737 -0.650766
-0.499615 -0.657786
-0.492440 -0.664752
-0.485211 -0.671661
-0.477928 -0.678514
-0.470592 -0.685310
-0.463203 -0.692048
-0.455760 -0.698727
-0.448265 -0.705347
-0.440717 -0.711906
-0.433116 -0.718404
-0.425463 -0.724841
-0.417758 -0.731216
-0.410001 -0.737527
-0.402193 -0.743775
-0.394334 -0.749959
-0.386425 -0.756078
-0.378465 -0.762132
-0.370457 -0.768120
-0.362399 -0.774043
-0.354292 -0.779898
-0.346137 -0.785686
-0.337935 -0.791407
-0.329686 -0.797060
-0.321391 -0.802645
-0.313050 -0.808161
-0.304664 -0.813609
-0.296234 -0.818987
-0.287760 -0.824297
-0.279242 -0.829537
-0.270683 -0.834708
-0.262082 -0.839809
-0.253440 -0.844840
-0.244757 -0.849802
-0.236035 -0.854694
-0.227275 -0.859516
-0.218476 -0.864269
-0.209641 -0.868952
-0.200768 -0.873565
-0.191860 -0.878109
-0.182917 -0.882584
-0.173940 -0.886989
-0.164929 -0.891326
-0.155885 -0.895594
-0.146810 -0.899793
-0.137703 -0.903924
-0.128565 -0.907987
-0.119397 -0.911981
-0.110201 -0.915908
-0.100976 -0.919768
-0.091723 -0.923561
-0.082442 -0.927286
-0.073136 -0.930945
-0.063803 -0.934538
-0.054446 -0.938064
-0.045064 -0.941525
-0.035657 -0.944920
-0.026228 -0.948250
-0.016776 -0.951514
-0.007301 -0.954713
0.002195 -0.957848
0.011712 -0.960918
0.021250 -0.963923
0.030807 -0.966865
0.040385 -0.969742
0.049981 -0.972554
0.059596 -0.975303
0.069229 -0.977988
0.078879 -0.980608
0.088547 -0.983165
0.098232 -0.985657
0.107932 -0.988086
0.117649 -0.990449
0.127381 -0.992749
0.137128 -0.994983
0.146890 -0.997152
0.156667 -0.999257
0.166457 -1.001295
0.176260 -1.003267
0.186077 -1.005173
0.195907 -1.007012
0.205748 -1.008784
0.215602 -1.010487
0.225468 -1.012122
0.235345 -1.013687
0.245232 -1.015182
0.255130 -1.016607
0.265039 -1.017959
0.274956 -1.019239
0.284884 -1.020445
0.294819 -1.021577
0.304764 -1.022632
0.314716 -1.023611
0.324675 -1.024512
0.334641 -1.025334
0.344614 -1.026074
0.354592 -1.026733
0.364576 -1.027308
0.374564 -1.027798
0.384556 -1.028202
0.394551 -1.028517
0.404549 -1.028742
0.414548 -1.028876
0.424548 -1.028916
0.434548 -1.028861
0.444547 -1.028708
0.454544 -1.028457
0.464538 -1.028104
0.474527 -1.027647
0.484512 -1.027085
0.494489 -1.026416
0.504459 -1.025637
0.514419 -1.024746
0.524369 -1.023741
0.534306 -1.022619
0.544229 -1.021379
0.554136 -1.020017
0.564026 -1.018533
0.573895 -1.016923
0.583743 -1.015186
0.593568 -1.013319
0.603366 -1.011320
0.613136 -1.009187
0.622876 -1.006918
0.632582 -1.004512
0.642253 -1.001966
0.651886 -0.999279
0.661477 -0.996449
0.671025 -0.993475
0.680526 -0.990355
0.689978 -0.987088
0.699377 -0.983674
0.708721 -0.980111
0.718006 -0.976399
0.727231 -0.972537
0.736391 -0.968526
0.745484 -0.964365
0.754507 -0.960054
0.763457 -0.955594
0.772332 -0.950985
0.781128 -0.946229
0.789844 -0.941325
0.798476 -0.936276
0.807021 -0.931083
0.815479 -0.925748
0.823847 -0.920272
0.832121 -0.914657
0.840302 -0.908906
0.848387 -0.903020
0.856374 -0.897003
0.864262 -0.890857
0.872050 -0.884584
0.879736 -0.878187
0.887321 -0.871670
0.894802 -0.865035
0.902181 -0.858285
0.909455 -0.851423
0.916624 -0.844452
0.923690 -0.837375
0.930651 -0.830196
0.937508 -0.822917
0.944261 -0.815541
0.950910 -0.808072
0.957457 -0.800513
0.963901 -0.792866
0.970243 -0.785134
0.976484 -0.777321
0.982624 -0.769428
0.988666 -0.761460
0.994609 -0.753417
1.000455 -0.745304
1.006205 -0.737122
1.011860 -0.728875
1.017420 -0.720564
1.022889 -0.712191
1.028265 -0.703759
1.033552 -0.695271
1.038749 -0.686728
1.043859 -0.678132
1.048882 -0.669485
1.053821 -0.660790
1.058675 -0.652047
1.063447 -0.643259
1.068137 -0.634427
1.072748 -0.625553
1.077279 -0.616639
1.081734 -0.607686
1.086111 -0.598695
1.090414 -0.589668
1.094643 -0.580606
1.098799 -0.571511
1.102884 -0.562383
1.106898 -0.553224
1.110843 -0.544035
1.114720 -0.534817
1.118530 -0.525571
1.122273 -0.516299
1.125952 -0.507000
1.129567 -0.497676
1.133119 -0.488328
1.136609 -0.478957
1.140038 -0.469563
1.143408 -0.460148
1.146717 -0.450712
1.149969 -0.441255
1.153163 -0.431779
1.156301 -0.422284
1.159383 -0.412771
1.162411 -0.403240
1.165384 -0.393692
1.168304 -0.384128
1.171171 -0.374548
1.173987 -0.364953
1.176751 -0.355342
1.179466 -0.345718
1.182130 -0.336079
1.184745 -0.326427
1.187312 -0.316762
1.189831 -0.307085
1.192303 -0.297395
1.194729 -0.287694
1.197108 -0.277981
1.199442 -0.268257
1.201731 -0.258523
1.203976 -0.248778
1.206177 -0.239023
1.208335 -0.229259
1.210450 -0.219485
1.212522 -0.209702
1.214553 -0.199910
1.216542 -0.190110
1.218490 -0.180302
1.220397 -0.170485
1.222265 -0.160661
1.224092 -0.150829
1.225881 -0.140991
1.227630 -0.131145
1.229341 -0.121292
1.231013 -0.111433
1.232648 -0.101568
1.234245 -0.091696
1.235805 -0.081818
1.237328 -0.071935
1.238815 -0.062046
1.240265 -0.052152
1.241679 -0.042252
1.243058 -0.032348
1.244401 -0.022438
1.245709 -0.012524
1.246982 -0.002606
1.248220 0.007318
1.249425 0.017245
1.250595 0.027176
1.251731 0.037111
1.252833 0.047050
1.253902 0.056993
1.254938 0.066939
1.255941 0.076889
1.256911 0.086842
1.257848 0.096798
1.258753 0.106757
1.259626 0.116719
1.260466 0.126683
1.261275 0.136651
1.262052 0.146620
1.262797 0.156593
1.263511 0.166567
1.264193 0.176544
1.264845 0.186523
1.265465 0.196503
1.266055 0.206486
1.266613 0.216470
1.267142 0.226456
1.267639 0.236444
1.268107 0.246433
1.268544 0.256423
1.268951 0.266415
1.269327 0.276408
1.269674 0.286402
1.269991 0.296397
1.270279 0.306393
1.270536 0.316390
1.270764 0.326387
1.270963 0.336385
1.271132 0.346384
1.271272 0.356383
1.271383 0.366382
1.271464 0.376382
1.271516 0.386382
1.271539 0.396382
1.271533 0.406382
1.271499 0.416382
1.271435 0.426381
1.271342 0.436381
1.271221 0.446380
1.271071 0.456379
1.270892 0.466378
1.270684 0.476375
1.270448 0.486373
1.270183 0.496369
1.269890 0.506365
1.269568 0.516360
1.269218 0.526354
1.268839 0.536346
1.268432 0.546338
1.267996 0.556329
1.267532 0.566318
1.267040 0.576306
1.266519 0.586292
1.265970 0.596277
1.265392 0.606260
1.264786 0.616242
1.264152 0.626222
1.263490 0.636200
1.262799 0.646176
1.262080 0.656150
1.261332 0.666122
1.260556 0.676092
1.259752 0.686060
1.258920 0.696025
1.258059 0.705988
1.257170 0.715948
1.256253 0.725906
1.255307 0.735861
1.254333 0.745814
1.253331 0.755764
1.252300 0.765710
1.251241 0.775654
1.250154 0.785595
1.249038 0.795532
1.247894 0.805467
1.246721 0.815398
1.245520 0.825325
1.244290 0.835249
1.243032 0.845170
1.241746 0.855087
1.240430 0.865000
1.239087 0.874909
1.237714 0.884815
1.236313 0.894716
1.234884 0.904613
1.233426 0.914507
1.231939 0.924395
1.230423 0.934280
1.228879 0.944160
1.227306 0.954035
1.225704 0.963906
1.224073 0.973773
1.222414 0.983634
1.220725 0.993490
1.219008 1.003342
1.217262 1.013188
1.215486 1.023029
1.213682 1.032865
1.211849 1.042696
1.209986 1.052521
1.208095 1.062340
1.206174 1.072154
1.204225 1.081962
1.202246 1.091764
1.200237 1.101561
1.198200 1.111351
1.196133 1.121135
1.194037 1.130913
1.191911 1.140684
1.189756 1.150449
1.187572 1.160208
1.185358 1.169960
1.183115 1.179705
1.180842 1.189443
1.178539 1.199174
1.176207 1.208899
1.173845 1.218616
1.171454 1.228326
1.169033 1.238028
1.166582 1.247723
1.164101 1.257411
1.161590 1.267090
1.159050 1.276762
1.156480 1.286426
1.153880 1.296083
1.151250 1.305730
1.148590 1.315370
1.145900 1.325002
1.143180 1.334625
1.140430 1.344239
1.137649 1.353845
1.134839 1.363442
1.131999 1.373030
1.129128 1.382609
1.126227 1.392179
1.123296 1.401740
1.120335 1.411292
1.117344 1.420834
1.114322 1.430366
1.111270 1.439889
1.108188 1.449402
1.105075 1.458905
1.101932 1.468399
1.098758 1.477882
1.095555 1.487355
1.092320 1.496817
1.089055 1.506269
1.085760 1.515711
1.082435 1.525141
1.079078 1.534561
1.075692 1.543971
1.072275 1.553369
1.068827 1.562756
1.065349 1.572131
1.061840 1.581495
1.058301 1.590848
1.054731 1.600189
1.051131 1.609519
1.047500 1.618836
1.043838 1.628142
1.040146 1.637435
1.036424 1.646717
1.032670 1.655986
1.028887 1.665242
1.025072 1.674486
1.021228 1.683717
1.017352 1.692936
1.013446 1.702142
1.009510 1.711334
1.005543 1.720514
1.001546 1.729680
0.997518 1.738833
0.993459 1.747973
0.989370 1.757098
0.985251 1.766211
0.981101 1.775309
0.976921 1.784393
0.972711 1.793464
0.968470 1.802520
0.964199 1.811562
0.959897 1.820590
0.955566 1.829603
0.951204 1.838601
0.946812 1.847585
0.942389 1.856554
0.937937 1.865508
0.933454 1.874447
0.928941 1.883371
0.924399 1.892280
0.919826 1.901173
0.915223 1.910051
0.910591 1.918913
0.905928 1.927760
0.901236 1.936591
0.896514 1.945405
0.891762 1.954204
0.886981 1.962987
0.882170 1.971754
0.877329 1.980504
0.872459 1.989238
0.867560 1.997956
0.862631 2.006657
0.857673 2.015341
0.852686 2.024009
0.847669 2.032660
0.842624 2.041293
0.837549 2.049910
0.832446 2.058510
0.827313 2.067092
0.822152 2.075657
0.816962 2.084205
0.811743 2.092736
0.806496 2.101248
0.801220 2.109743
0.795916 2.118221
0.790584 2.126681
0.785223 2.135122
0.779835 2.143546
0.774418 2.151952
0.768973 2.160340
0.763500 2.168710
0.758000 2.177061
0.752472 2.185394
0.746916 2.193709
0.741333 2.202005
0.735723 2.210283
0.730085 2.218542
0.724421 2.226783
0.718729 2.235005
0.713010 2.243209
0.707264 2.251393
0.701492 2.259559
0.695693 2.267706
0.689868 2.275834
0.684016 2.283944
0.678139 2.292034
0.672235 2.300105
0.666305 2.308157
0.660349 2.316190
0.654367 2.324204
0.648360 2.332199
0.642328 2.340174
0.636270 2.348131
0.630187 2.356068
0.624079 2.363985
0.617946 2.371884
0.611788 2.379763
0.605606 2.387623
0.599399 2.395463
0.593167 2.403285
0.586912 2.411086
0.580632 2.418869
0.574329 2.426632
0.568001 2.434376
0.561650 2.442100
0.555276 2.449805
0.548878 2.457491
0.542457 2.465157
0.536013 2.472804
0.529547 2.480432
0.523057 2.488040
0.516545 2.495629
0.510011 2.503199
0.503454 2.510750
0.496876 2.518281
0.490275 2.525793
0.483653 2.533286
0.477009 2.540760
0.470344 2.548215
0.463657 2.555651
0.456950 2.563068
0.450222 2.570466
0.443472 2.577845
0.436703 2.585205
0.429913 2.592546
0.423103 2.599869
0.416272 2.607173
0.409422 2.614458
0.402552 2.621725
0.395663 2.628973
0.388755 2.636203
0.381827 2.643415
0.374880 2.650608
0.367915 2.657783
0.360930 2.664940
0.353928 2.672079
0.346907 2.679200
0.339868 2.686303
0.332811 2.693389
0.325737 2.700456
0.318645 2.707506
0.311536 2.714539
0.304409 2.721554
0.297266 2.728552
0.290106 2.735533
0.282929 2.742497
0.275736 2.749444
0.268526 2.756373
0.261301 2.763287
0.254059 2.770183
0.246802 2.777063
0.239530 2.783927
0.232242 2.790774
0.224939 2.797606
0.217621 2.804421
0.210288 2.811221
0.202941 2.818004
0.195580 2.824772
0.188204 2.831525
0.180814 2.838262
0.173410 2.844984
0.165993 2.851691
0.158562 2.858383
0.151118 2.865061
0.143661 2.871723
0.136191 2.878372
0.128708 2.885005
0.121213 2.891625
0.113705 2.898231
0.106185 2.904822
0.098653 2.911400
0.091110 2.917965
0.083554 2.924516
0.075987 2.931054
0.068409 2.937578
0.060820 2.944090
0.053219 2.950589
0.045608 2.957075
0.037987 2.963549
0.030354 2.970010
0.022712 2.976460
0.015060 2.982897
0.007397 2.989322
-0.000275 2.995736
-0.007957 3.002139
-0.015648 3.008530
-0.023349 3.014909
-0.031058 3.021278
-0.038777 3.027636
-0.046504 3.033984
-0.054240 3.040320
-0.061984 3.046647
-0.069737 3.052963
-0.077498 3.059269
-0.085267 3.065566
-0.093043 3.071853
-0.100828 3.078130
-0.108620 3.084398
-0.116419 3.090656
-0.124226 3.096906
-0.132040 3.103146
-0.139860 3.109378
-0.147688 3.115602
-0.155522 3.121817
-0.163363 3.128023
-0.171210 3.134222
-0.179064 3.140412
-0.186923 3.146595
-0.194789 3.152770
-0.202661 3.158937
-0.210538 3.165097
-0.218421 3.171250
-0.226310 3.177396
-0.234204 3.183535
-0.242103 3.189667
-0.250007 3.195792
-0.257917 3.201911
-0.265831 3.208023
-0.273751 3.214129
-0.281675 3.220229
-0.289604 3.226323
-0.297537 3.232410
-0.305475 3.238492
-0.313417 3.244569
-0.321364 3.250639
-0.329314 3.256705
-0.337269 3.262764
-0.345228 3.268819
-0.353191 3.274868
-0.361157 3.280913
-0.369128 3.286952
-0.377102 3.292986
-0.385079 3.299016
-0.393061 3.305041
-0.401046 3.311061
-0.409034 3.317077
-0.417025 3.323088
-0.425020 3.329095
-0.433019 3.335097
-0.441020 3.341095
-0.449025 3.347089
-0.457033 3.353078
-0.465043 3.359064
-0.473057 3.365045
-0.481074 3.371022
-0.489095 3.376995
-0.497118 3.382965
-0.505144 3.388930
-0.513172 3.394891
-0.521204 3.400848
-0.529239 3.406802
-0.537277 3.412751
-0.545318 3.418696
-0.553361 3.424638
-0.561408 3.430575
-0.569457 3.436509
-0.577509 3.442438
-0.585565 3.448364
-0.593623 3.454285
-0.601684 3.460203
-0.609749 3.466116
-0.617816 3.472025
-0.625887 3.477930
-0.633960 3.483830
-0.642037 3.489726
-0.650118 3.495618
-0.658201 3.501505
-0.666288 3.507387
-0.674378 3.513265
-0.682472 3.519138
-0.690570 3.525005
-0.698671 3.530868
-0.706776 3.536726
-0.714884 3.542578
-0.722997 3.548424
-0.731114 3.554265
-0.739235 3.560101
-0.747360 3.565930
-0.755490 3.571753
-0.763624 3.577569
-0.771763 3.583379
-0.779907 3.589183
-0.788056 3.594979
-0.796210 3.600768
-0.804369 3.606549
-0.812534 3.612323
-0.820705 3.618089
-0.828881 3.623846
-0.837063 3.629595
-0.845252 3.635335
-0.853447 3.641066
-0.861649 3.646787
-0.869857 3.652498
-0.878073 3.658199
-0.886296 3.663889
-0.894527 3.669568
-0.902766 3.675236
-0.911013 3.680892
-0.919269 3.686535
-0.927533 3.692165
-0.935806 3.697782
-0.944089 3.703385
-0.952382 3.708974
-0.960685 3.714548
-0.968998 3.720105
-0.977322 3.725647
-0.985657 3.731172
-0.994004 3.736679
-1.002364 3.742167
-1.010735 3.747637
-1.019120 3.753086
-1.027518 3.758515
-1.035930 3.763922
-1.044357 3.769306
-1.052798 3.774667
-1.061256 3.780004
-1.069729 3.785315
-1.078219 3.790598
-1.086726 3.795854
-1.095252 3.801081
-1.103796 3.806277
-1.112359 3.811441
-1.120942 3.816572
-1.129547 3.821668
-1.138173 3.826727
-1.146821 3.831747
-1.155493 3.836727
-1.164189 3.841665
-1.172910 3.846558
-1.181657 3.851404
-1.190432 3.856201
-1.199234 3.860947
-1.208065 3.865637
-1.216927 3.870271
-1.225821 3.874843
-1.234747 3.879352
-1.243706 3.883793
-1.252702 3.888162
-1.261733 3.892455
-1.270803 3.896667
-1.279911 3.900794
-1.289061 3.904830
-1.298252 3.908769
-1.307487 3.912605
-1.316768 3.916330
-1.326094 3.919938
-1.335468 3.923419
-1.344892 3.926766
-1.354366 3.929967
-1.363891 3.933012
-1.373468 3.935889
-1.383098 3.938584
-1.392781 3.941084
-1.402515 3.943371
-1.412302 3.945429
-1.422137 3.947237
-1.432018 3.948775
-1.441940 3.950020
-1.451897 3.950945
-1.461880 3.951525
-1.471878 3.951730
-1.481876 3.951529
-1.491856 3.950892
-1.501794 3.949787
-1.511665 3.948184
-1.521436 3.946055
-1.531071 3.943377
-1.540530 3.940134
-1.549773 3.936316
-1.558757 3.931925
-1.567443 3.926970
-1.575797 3.921473
-1.583789 3.915463
-1.591399 3.908975
-1.598613 3.902050
-1.605426 3.894730
-1.611840 3.887058
-1.617863 3.879075
-1.623506 3.870819
-1.628784 3.862326
-1.633715 3.853626
-1.638316 3.844747
-1.642606 3.835714
-1.646604 3.826548
-1.650327 3.817267
-1.653792 3.807886
-1.657015 3.798420
-1.660012 3.788880
-1.662796 3.779275
-1.665381 3.769615
-1.667779 3.759907
-1.670001 3.750157
-1.672058 3.740371
-1.673958 3.730553
-1.675712 3.720708
-1.677328 3.710839
-1.678812 3.700950
-1.680173 3.691043
-1.681416 3.681121
-1.682548 3.671185
-1.683574 3.661238
-1.684500 3.651281
-1.685330 3.641315
-1.686069 3.631342
-1.686721 3.621364
-1.687291 3.611380
-1.687781 3.601392
-1.688195 3.591401
-1.688538 3.581406
-1.688810 3.571410
-1.689017 3.561412
-1.689159 3.551413
-1.689240 3.541414
-1.689262 3.531414
-1.689228 3.521414
-1.689139 3.511414
-1.688998 3.501415
-1.688806 3.491417
-1.688566 3.481420
-1.688278 3.471424
-1.687945 3.461430
-1.687568 3.451437
-1.687149 3.441445
-1.686689 3.431456
-1.686189 3.421469
-1.685651 3.411483
-1.685076 3.401500
-1.684465 3.391518
-1.683819 3.381539
-1.683139 3.371562
-1.682426 3.361588
-1.681682 3.351615
-1.680907 3.341645
-1.680102 3.331678
-1.679268 3.321713
-1.678405 3.311750
-1.677515 3.301790
-1.676598 3.291832
-1.675656 3.281876
-1.674688 3.271923
-1.673695 3.261973
-1.672679 3.252024
-1.671639 3.242079
-1.670576 3.232135
-1.669492 3.222194
-1.668386 3.212255
-1.667258 3.202319
-1.666111 3.192385
-1.664943 3.182454
-1.663756 3.172524
-1.662550 3.162597
-1.661325 3.152673
-1.660082 3.142750
-1.658822 3.132830
-1.657544 3.122912
-1.656249 3.112996
-1.654938 3.103082
-1.653611 3.093171
-1.652269 3.083261
-1.650911 3.073354
-1.649538 3.063449
-1.648150 3.053545
-1.646748 3.043644
-1.645332 3.033745
-1.643902 3.023848
-1.642459 3.013952
-1.641003 3.004059
-1.639534 2.994167
-1.638052 2.984278
-1.636559 2.974390
-1.635053 2.964504
-1.633535 2.954620
-1.632007 2.944737
-1.630466 2.934857
-1.628915 2.924978
-1.627353 2.915100
-1.625781 2.905225
-1.624198 2.895351
-1.622605 2.885479
-1.621002 2.875608
-1.619389 2.865739
-1.617767 2.855871
-1.616136 2.846005
-1.614495 2.836141
-1.612846 2.826278
-1.611187 2.816416
-1.609521 2.806556
-1.607845 2.796697
-1.606162 2.786840
-1.604470 2.776984
-1.602771 2.767130
-1.601063 2.757277
-1.599348 2.747425
-1.597626 2.737574
-1.595896 2.727725
-1.594159 2.717877
-1.592415 2.708030
-1.590665 2.698185
-1.588907 2.688340
-1.587143 2.678497
-1.585372 2.668655
-1.583595 2.658814
-1.581811 2.648975
-1.580021 2.639136
-1.578226 2.629299
-1.576424 2.619462
-1.574617 2.609627
-1.572803 2.599793
-1.570984 2.589960
-1.569160 2.580127
-1.567330 2.570296
-1.565495 2.560466
-1.563655 2.550637
-1.561810 2.540809
-1.559959 2.530981
-1.558104 2.521155
-1.556244 2.511329
-1.554379 2.501505
-1.552509 2.491681
-1.550634 2.481858
-1.548756 2.472037
-1.546872 2.462216
-1.544985 2.452395
-1.543093 2.442576
-1.541196 2.432757
-1.539296 2.422940
-1.537391 2.413123
-1.535483 2.403306
-1.533570 2.393491
-1.531654 2.383676
-1.529734 2.373862
-1.527810 2.364049
-1.525882 2.354237
-1.523951 2.344425
-1.522016 2.334614
-1.520077 2.324804
-1.518135 2.314994
-1.516189 2.305185
-1.514241 2.295377
-1.512288 2.285570
-1.510333 2.275763
-1.508374 2.265956
-1.506412 2.256151
-1.504446 2.246346
-1.502478 2.236541
-1.500507 2.226738
-1.498532 2.216934
-1.496555 2.207132
-1.494574 2.197330
-1.492590 2.187529
-1.490604 2.177728
-1.488615 2.167928
-1.486623 2.158128
-1.484628 2.148329
-1.482630 2.138531
-1.480629 2.128733
-1.478626 2.118936
-1.476620 2.109139
-1.474611 2.099343
-1.472600 2.089547
-1.470586 2.079752
-1.468569 2.069958
-1.466550 2.060164
-1.464528 2.050370
-1.462504 2.040577
-1.460477 2.030785
-1.458447 2.020993
-1.456415 2.011202
-1.454381 2.001411
-1.452343 1.991620
-1.450304 1.981831
-1.448262 1.972041
-1.446217 1.962253
-1.444170 1.952464
-1.442121 1.942677
-1.440069 1.932889
-1.438015 1.923103
-1.435958 1.913316
-1.433898 1.903531
-1.431837 1.893746
-1.429773 1.883961
-1.427706 1.874177
-1.425637 1.864393
-1.423566 1.854610
-1.421492 1.844828
-1.419415 1.835046
-1.417336 1.825264
-1.415255 1.815483
-1.413171 1.805702
-1.411085 1.795923
-1.408996 1.786143
-1.406905 1.776364
-1.404811 1.766586
-1.402715 1.756808
-1.400616 1.747031
-1.398515 1.737254
-1.396411 1.727478
-1.394304 1.717702
-1.392195 1.707927
-1.390083 1.698153
-1.387969 1.688379
-1.385852 1.678606
-1.383732 1.668833
-1.381610 1.659061
-1.379485 1.649289
-1.377357 1.639518
-1.375226 1.629748
-1.373093 1.619978
-1.370956 1.610209
-1.368817 1.600440
-1.366675 1.590672
-1.364530 1.580905
-1.362383 1.571138
-1.360232 1.561372
-1.358078 1.551607
-1.355921 1.541842
-1.353762 1.532078
-1.351599 1.522315
-1.349433 1.512553
-1.347263 1.502791
-1.345091 1.493030
-1.342915 1.483269
-1.340736 1.473509
-1.338554 1.463750
-1.336369 1.453992
-1.334180 1.444235
-1.331987 1.434478
-1.329791 1.424722
-1.327592 1.414967
-1.325389 1.405213
-1.323182 1.395459
-1.320972 1.385706
-1.318758 1.375955
-1.316540 1.366204
-1.314318 1.356454
-1.312093 1.346704
-1.309863 1.336956
-1.307630 1.327209
-1.305393 1.317462
-1.303151 1.307717
-1.300906 1.297972
-1.298656 1.288228
-1.296402 1.278486
-1.294143 1.268744
-1.291880 1.259003
-1.289613 1.249264
-1.287342 1.239525
-1.285065 1.229788
-1.282784 1.220051
-1.280499 1.210316
-1.278209 1.200582
-1.275913 1.190849
-1.273613 1.181117
-1.271308 1.171386
-1.268998 1.161657
-1.266683 1.151928
-1.264363 1.142201
-1.262038 1.132475
-1.259707 1.122751
-1.257370 1.113028
-1.255029 1.103306
-1.252682 1.093585
-1.250329 1.083866
-1.247970 1.074148
-1.245606 1.064431
-1.243235 1.054716
-1.240859 1.045003
-1.238477 1.035291
-1.236089 1.025580
-1.233694 1.015871
-1.231293 1.006163
-1.228886 0.996458
-1.226472 0.986753
-1.224052 0.977051
-1.221625 0.967349
-1.219191 0.957650
-1.216751 0.947953
-1.214303 0.938257
-1.211849 0.928563
-1.209387 0.918870
-1.206918 0.909180
-1.204442 0.899491
-1.201958 0.889805
-1.199467 0.880120
-1.196968 0.870437
-1.194461 0.860757
-1.191946 0.851078
-1.189424 0.841401
-1.186893 0.831727
-1.184354 0.822054
-1.181807 0.812384
-1.179251 0.802716
-1.176687 0.793051
-1.174115 0.783387
-1.171533 0.773726
-1.168942 0.764068
-1.166343 0.754411
-1.163734 0.744758
-1.161116 0.735107
-1.158489 0.725458
-1.155852 0.715812
-1.153205 0.706168
-1.150549 0.696528
-1.147883 0.686890
-1.145206 0.677254
-1.142520 0.667622
-1.139823 0.657993
-1.137115 0.648366
-1.134397 0.638743
-1.131668 0.629122
-1.128929 0.619505
-1.126178 0.609890
-1.123416 0.600279
-1.120643 0.590672
-1.117858 0.581067
-1.115061 0.571466
-1.112253 0.561869
-1.109433 0.552275
-1.106600 0.542684
-1.103756 0.533097
-1.100898 0.523514
-1.098029 0.513935
-1.095146 0.504359
-1.092250 0.494788
-1.089342 0.485220
-1.086420 0.475656
-1.083484 0.466097
-1.080535 0.456542
-1.077572 0.446991
-1.074595 0.437444
-1.071603 0.427902
-1.068598 0.418365
-1.065577 0.408832
-1.062542 0.399303
-1.059492 0.389780
-1.056426 0.380261
-1.053346 0.370748
-1.050249 0.361239
-1.047137 0.351736
-1.044009 0.342238
-1.040865 0.332745
-1.037704 0.323258
-1.034527 0.313776
-1.031332 0.304300
-1.028121 0.294829
-1.024892 0.285365
-1.021646 0.275906
-1.018382 0.266454
-1.015100 0.257008
-1.011800 0.247568
-1.008481 0.238135
-1.005143 0.228708
-1.001787 0.219289
-0.998411 0.209876
-0.995016 0.200470
-0.991601 0.191071
-0.988167 0.181679
-0.984711 0.172295
-0.981236 0.162918
-0.977740 0.153549
-0.974222 0.144188
-0.970684 0.134835
-0.967123 0.125491
-0.963541 0.116154
-0.959937 0.106826
-0.956310 0.097507
-0.952660 0.088197
-0.948988 0.078896
-0.945292 0.069604
-0.941572 0.060321
-0.937829 0.051048
-0.934061 0.041785
-0.930269 0.032532
-0.926452 0.023290
-0.922609 0.014057
-0.918741 0.004836
-0.914847 -0.004375
-0.910927 -0.013575
-0.906980 -0.022763
-0.903007 -0.031940
-0.899006 -0.041104
-0.894978 -0.050257
-0.890921 -0.059398
-0.886837 -0.068525
-0.882723 -0.077640
-0.878581 -0.086742
-0.874409 -0.095830
-0.870208 -0.104905
-0.865976 -0.113965
-0.861714 -0.123011
-0.857421 -0.132043
-0.853096 -0.141060
-0.848740 -0.150061
-0.844352 -0.159047
-0.839931 -0.168016
-0.835477 -0.176970
-0.830990 -0.185907
-0.826469 -0.194826
-0.821914 -0.203729
-0.817325 -0.212613
-0.812700 -0.221480
-0.808040 -0.230328
-0.803344 -0.239157
-0.798612 -0.247966
-0.793843 -0.256756
-0.789037 -0.265525
-0.784193 -0.274274
-0.779312 -0.283001
-0.774391 -0.291707
-0.769432 -0.300391
-0.764434 -0.309052
-0.759395 -0.317690
-0.754316 -0.326304
-0.749197 -0.334895
-0.744036 -0.343460
-0.738834 -0.352000
-0.733590 -0.360515
-0.728303 -0.369003
-0.722973 -0.377464
-0.717599 -0.385898
-0.712182 -0.394303
-0.706720 -0.402680
-0.701214 -0.411028
-0.695662 -0.419345
-0.690065 -0.427632
-0.684421 -0.435887
-0.678731 -0.444111
-0.672994 -0.452301
-0.667210 -0.460459
-0.661378 -0.468582
-0.655497 -0.476670
-0.649568 -0.484723
-0.643590 -0.492740
-0.637563 -0.500719
-0.631486 -0.508661
-0.625359 -0.516564
-0.619182 -0.524428
-0.612954 -0.532252
-0.606674 -0.540035
-0.600344 -0.547776
-0.593962 -0.555474
-0.587527 -0.563130
-0.581041 -0.570741
-0.574502 -0.578307
-0.567911 -0.585827
-0.561266 -0.593300
-0.554569 -0.600727
-0.547818 -0.608104
-0.541014 -0.615433
-0.534157 -0.622711
-0.527246 -0.629939
-0.520281 -0.637115
-0.513263 -0.644238
-0.506191 -0.651309
-0.499065 -0.658325
-0.491886 -0.665286
-0.484652 -0.672191
-0.477366 -0.679040
-0.470025 -0.685831
-0.462632 -0.692564
-0.455185 -0.699239
-0.447686 -0.705854
-0.440133 -0.712408
-0.432528 -0.718902
-0.424871 -0.725334
-0.417162 -0.731704
-0.409402 -0.738010
-0.401590 -0.744253
-0.393727 -0.750432
-0.385814 -0.756547
-0.377851 -0.762596
-0.369838 -0.768579
-0.361776 -0.774496
-0.353666 -0.780346
-0.345508 -0.786129
-0.337302 -0.791845
-0.329049 -0.797492
