-5.000000000000000          0.067307697352261
-4.900000000000000          0.040439566380135
-4.800000000000001          0.041619147156448
-4.700000000000001          0.043105006481762
-4.600000000000001          0.045302465439752
-4.500000000000002          0.047309330194680
-4.400000000000002          0.049028447757910
-4.300000000000002          0.051374593871718
-4.200000000000003          0.053718245532582
-4.100000000000003          0.056057328655019
-4.000000000000004          0.058811919269752
-3.900000000000003          0.061782291943677
-3.800000000000003          0.064771320588551
-3.700000000000003          0.067992422164253
-3.600000000000003          0.071620946753614
-3.500000000000003          0.075542613940904
-3.400000000000003          0.079647844948385
-3.300000000000003          0.084048490940008
-3.200000000000003          0.088917138000254
-3.100000000000003          0.094279165615538
-3.000000000000003          0.100062836089951
-2.900000000000003          0.106278614466863
-2.800000000000002          0.113067375356615
-2.700000000000002          0.120583070791624
-2.600000000000002          0.128888453015392
-2.500000000000002          0.137990333317736
-2.400000000000002          0.147951958557795
-2.300000000000002          0.158942362045967
-2.200000000000002          0.171177549611857
-2.100000000000002          0.184836214766440
-2.000000000000002          0.200049228059935
-1.900000000000002          0.216969865514817
-1.800000000000002          0.235845077956779
-1.700000000000002          0.257015500278811
-1.600000000000001          0.280852380457000
-1.500000000000001          0.307702285629901
-1.400000000000001          0.337894215903862
-1.300000000000001          0.371792157586985
-1.200000000000001          0.409823798723990
-1.100000000000001          0.452431689163263
-1.000000000000001          0.499955400580554
-0.900000000000001          0.552497579421600
-0.800000000000001          0.609810504095091
-0.700000000000001          0.671184007432166
-0.600000000000001          0.735286256663351
-0.500000000000001          0.799954342373018
-0.400000000000001          0.862032778454888
-0.300000000000001          0.917434285389343
-0.200000000000001          0.961566884525479
-0.100000000000001          0.990119564895565
-0.000000000000001          1.000000000000000
0.099999999999999          0.990092409904269
0.199999999999999          0.961538435309062
0.299999999999999          0.917431738419329
0.399999999999999          0.862058720840546
0.499999999999999          0.799984027046835
0.599999999999999          0.735291035514610
0.699999999999999          0.671158956888891
0.799999999999999          0.609779695842090
0.899999999999999          0.552491217042170
0.999999999999999          0.499980210644706
1.099999999999999          0.452463500514387
1.199999999999999          0.409830704268734
1.299999999999999          0.371766536454269
1.399999999999999          0.337861580738934
1.499999999999999          0.307696408855158
1.599999999999999          0.280880281381937
1.700000000000000          0.257048487078658
1.800000000000000          0.235847561751499
1.900000000000000          0.216937932584227
2.000000000000000          0.200017224556380
2.100000000000000          0.184840638432523
2.200000000000000          0.171214988410806
2.300000000000000          0.158970068166277
2.400000000000000          0.147935804293523
2.500000000000000          0.137947828603900
2.600000000000000          0.128872046306714
2.700000000000000          0.120615914570538
2.800000000000000          0.113108814768552
2.900000000000000          0.106271926876473
3.000000000000000          0.100013699380320
3.100000000000001          0.094256553741419
3.200000000000001          0.088958162662200
3.300000000000001          0.084094238029487
3.400000000000001          0.079622928064853
3.500000000000001          0.075482891947266
3.600000000000001          0.071631522029771
3.700000000000001          0.068062678409105
3.800000000000001          0.064767330095368
3.900000000000001          0.061700467011721
4.000000000000001          0.058821879216691
4.100000000000001          0.056139217217836
4.200000000000000          0.053653265863209
4.300000000000000          0.051313494684396
4.399999999999999          0.049107253952990
4.499999999999999          0.047063311706882
4.599999999999999          0.045127321580368
4.699999999999998          0.043305125158261
4.799999999999998          0.041599895557970
4.899999999999998          0.039989297292538
4.999999999999997          0.038454210609402
