-5.000000000000000          0.038461538461538
-4.900000000000000          1197468.286927884677425
-4.800000000000001          0.041597340519468
-4.700000000000001          -38407.624964523514791
-4.600000000000001          0.045126353552893
-4.500000000000002          2098.915812410201397
-4.400000000000002          0.049115913579639
-4.300000000000002          -164.182616135891323
-4.200000000000003          0.053648068666676
-4.100000000000003          16.964164566405191
-4.000000000000004          0.058823529412177
-3.900000000000003          -2.116587958866399
-3.800000000000003          0.064766839378180
-3.700000000000003          0.407827848923457
-3.600000000000003          0.071633237822359
-3.500000000000003          0.012797447913926
-3.400000000000003          0.079617834394902
-3.300000000000003          0.097542509559986
-3.200000000000003          0.088967971530249
-3.100000000000003          0.090946150907975
-3.000000000000003          0.100000000000000
-2.900000000000003          0.107192065573715
-2.800000000000002          0.113122171945701
-2.700000000000002          0.120337763944650
-2.600000000000002          0.128865979381443
-2.500000000000002          0.138032549055206
-2.400000000000002          0.147928994082840
-2.300000000000002          0.158942998185834
-2.200000000000002          0.171232876712328
-2.100000000000002          0.184859861115876
-2.000000000000002          0.200000000000000
-1.900000000000002          0.216911730670131
-1.800000000000002          0.235849056603773
-1.700000000000002          0.257073533631687
-1.600000000000001          0.280898876404494
-1.500000000000001          0.307690003676096
-1.400000000000001          0.337837837837837
-1.300000000000001          0.371748595230112
-1.200000000000001          0.409836065573770
-1.100000000000001          0.452487806994157
-1.000000000000001          0.500000000000000
-0.900000000000001          0.552486769108421
-0.800000000000001          0.609756097560975
-0.700000000000001          0.671140559118393
-0.600000000000001          0.735294117647058
-0.500000000000001          0.800000222642382
-0.400000000000001          0.862068965517240
-0.300000000000001          0.917431117187555
-0.200000000000001          0.961538461538461
-0.100000000000001          0.990098931643812
-0.000000000000001          1.000000000000000
0.099999999999999          0.990099254254753
0.199999999999999          0.961538461538462
0.299999999999999          0.917430767120359
0.399999999999999          0.862068965517242
0.499999999999999          0.800000634943764
0.599999999999999          0.735294117647060
0.699999999999999          0.671140031756126
0.799999999999999          0.609756097560994
0.899999999999999          0.552487502270669
0.999999999999999          0.500000000000057
1.099999999999999          0.452486697850968
1.199999999999999          0.409836065573942
1.299999999999999          0.371750423817775
1.399999999999999          0.337837837839136
1.499999999999999          0.307686712215207
1.599999999999999          0.280898876407391
1.700000000000000          0.257080016815739
1.800000000000000          0.235849056560588
1.900000000000000          0.216897718503771
2.000000000000000          0.199999999880455
2.100000000000000          0.184893199351889
2.200000000000000          0.171232876035140
2.300000000000000          0.158855325993163
2.400000000000000          0.147928999808582
2.500000000000000          0.138288546359607
2.600000000000000          0.128865989865212
2.700000000000000          0.119502869586803
2.800000000000000          0.113122202908286
2.900000000000000          0.110252873396013
3.000000000000000          0.100000152348927
3.100000000000001          0.078221307304902
3.200000000000001          0.088967342053135
3.300000000000001          0.158176562100946
3.400000000000001          0.079617724401483
3.500000000000001          -0.322735047578292
3.600000000000001          0.071680474772204
3.700000000000001          2.601589384232569
3.800000000000001          0.064423730314717
3.900000000000001          -19.468801997501107
4.000000000000001          0.058455412031779
4.100000000000001          188.551145658859156
4.200000000000000          0.059315312854837
4.300000000000000          -2394.778828916071234
4.399999999999999          0.007612343486021
4.499999999999999          43588.074671176844276
4.599999999999999          0.142878045058515
4.699999999999998          -1352233.394936968572438
4.799999999999998          0.588564742882648
4.899999999999998          128638643.887358337640762
4.999999999999997          1585224045.460222244262695
