-0.001000000000000          -0.333333300000001
-0.000999000000000          -0.333333300066635
-0.000998000000000          -0.333333300133201
-0.000997000000000          -0.333333300199701
-0.000996000000000          -0.333333300266135
-0.000995000000000          -0.333333300332501
-0.000994000000000          -0.333333300398801
-0.000993000000000          -0.333333300465034
-0.000992000000000          -0.333333300531201
-0.000991000000000          -0.333333300597301
-0.000990000000000          -0.333333300663334
-0.000989000000000          -0.333333300729301
-0.000988000000000          -0.333333300795201
-0.000987000000000          -0.333333300861034
-0.000986000000000          -0.333333300926801
-0.000985000000000          -0.333333300992501
-0.000984000000000          -0.333333301058134
-0.000983000000000          -0.333333301123701
-0.000982000000000          -0.333333301189201
-0.000981000000000          -0.333333301254634
-0.000980000000000          -0.333333301320001
-0.000979000000000          -0.333333301385301
-0.000978000000000          -0.333333301450534
-0.000977000000000          -0.333333301515701
-0.000976000000000          -0.333333301580801
-0.000975000000000          -0.333333301645834
-0.000974000000000          -0.333333301710801
-0.000973000000000          -0.333333301775701
-0.000972000000000          -0.333333301840534
-0.000971000000000          -0.333333301905301
-0.000970000000000          -0.333333301970001
-0.000969000000000          -0.333333302034634
-0.000968000000000          -0.333333302099201
-0.000967000000000          -0.333333302163701
-0.000966000000000          -0.333333302228134
-0.000965000000000          -0.333333302292501
-0.000964000000000          -0.333333302356801
-0.000963000000000          -0.333333302421034
-0.000962000000000          -0.333333302485201
-0.000961000000000          -0.333333302549301
-0.000960000000000          -0.333333302613334
-0.000959000000000          -0.333333302677301
-0.000958000000000          -0.333333302741201
-0.000957000000000          -0.333333302805034
-0.000956000000000          -0.333333302868801
-0.000955000000000          -0.333333302932501
-0.000954000000000          -0.333333302996134
-0.000953000000000          -0.333333303059701
-0.000952000000000          -0.333333303123201
-0.000951000000000          -0.333333303186634
-0.000950000000000          -0.333333303250001
-0.000949000000000          -0.333333303313301
-0.000948000000000          -0.333333303376534
-0.000947000000000          -0.333333303439701
-0.000946000000000          -0.333333303502801
-0.000945000000000          -0.333333303565834
-0.000944000000000          -0.333333303628801
-0.000943000000000          -0.333333303691701
-0.000942000000000          -0.333333303754534
-0.000941000000000          -0.333333303817301
-0.000940000000000          -0.333333303880001
-0.000939000000000          -0.333333303942634
-0.000938000000000          -0.333333304005201
-0.000937000000000          -0.333333304067701
-0.000936000000000          -0.333333304130134
-0.000935000000000          -0.333333304192501
-0.000934000000000          -0.333333304254801
-0.000933000000000          -0.333333304317034
-0.000932000000000          -0.333333304379201
-0.000931000000000          -0.333333304441301
-0.000930000000000          -0.333333304503334
-0.000929000000000          -0.333333304565301
-0.000928000000000          -0.333333304627201
-0.000927000000000          -0.333333304689034
-0.000926000000000          -0.333333304750801
-0.000925000000000          -0.333333304812501
-0.000924000000000          -0.333333304874134
-0.000923000000000          -0.333333304935701
-0.000922000000000          -0.333333304997201
-0.000921000000000          -0.333333305058634
-0.000920000000000          -0.333333305120001
-0.000919000000000          -0.333333305181301
-0.000918000000000          -0.333333305242534
-0.000917000000000          -0.333333305303701
-0.000916000000000          -0.333333305364801
-0.000915000000000          -0.333333305425834
-0.000914000000000          -0.333333305486801
-0.000913000000000          -0.333333305547701
-0.000912000000000          -0.333333305608534
-0.000911000000000          -0.333333305669301
-0.000910000000000          -0.333333305730001
-0.000909000000000          -0.333333305790634
-0.000908000000000          -0.333333305851201
-0.000907000000000          -0.333333305911701
-0.000906000000000          -0.333333305972134
-0.000905000000000          -0.333333306032501
-0.000904000000000          -0.333333306092801
-0.000903000000000          -0.333333306153034
-0.000902000000000          -0.333333306213201
-0.000901000000000          -0.333333306273301
-0.000900000000000          -0.333333306333334
-0.000899000000000          -0.333333306393301
-0.000898000000000          -0.333333306453201
-0.000897000000000          -0.333333306513034
-0.000896000000000          -0.333333306572801
-0.000895000000000          -0.333333306632501
-0.000894000000000          -0.333333306692134
-0.000893000000000          -0.333333306751701
-0.000892000000000          -0.333333306811201
-0.000891000000000          -0.333333306870634
-0.000890000000000          -0.333333306930001
-0.000889000000000          -0.333333306989301
-0.000888000000000          -0.333333307048534
-0.000887000000000          -0.333333307107701
-0.000886000000000          -0.333333307166801
-0.000885000000000          -0.333333307225834
-0.000884000000000          -0.333333307284801
-0.000883000000000          -0.333333307343701
-0.000882000000000          -0.333333307402534
-0.000881000000000          -0.333333307461301
-0.000880000000000          -0.333333307520001
-0.000879000000000          -0.333333307578634
-0.000878000000000          -0.333333307637201
-0.000877000000000          -0.333333307695701
-0.000876000000000          -0.333333307754134
-0.000875000000000          -0.333333307812501
-0.000874000000000          -0.333333307870801
-0.000873000000000          -0.333333307929034
-0.000872000000000          -0.333333307987201
-0.000871000000000          -0.333333308045301
-0.000870000000000          -0.333333308103334
-0.000869000000000          -0.333333308161301
-0.000868000000000          -0.333333308219201
-0.000867000000000          -0.333333308277034
-0.000866000000000          -0.333333308334801
-0.000865000000000          -0.333333308392501
-0.000864000000000          -0.333333308450134
-0.000863000000000          -0.333333308507701
-0.000862000000000          -0.333333308565201
-0.000861000000000          -0.333333308622634
-0.000860000000000          -0.333333308680001
-0.000859000000000          -0.333333308737301
-0.000858000000000          -0.333333308794534
-0.000857000000000          -0.333333308851701
-0.000856000000000          -0.333333308908801
-0.000855000000000          -0.333333308965834
-0.000854000000000          -0.333333309022801
-0.000853000000000          -0.333333309079701
-0.000852000000000          -0.333333309136534
-0.000851000000000          -0.333333309193301
-0.000850000000000          -0.333333309250001
-0.000849000000000          -0.333333309306634
-0.000848000000000          -0.333333309363201
-0.000847000000000          -0.333333309419701
-0.000846000000000          -0.333333309476134
-0.000845000000000          -0.333333309532501
-0.000844000000000          -0.333333309588801
-0.000843000000000          -0.333333309645034
-0.000842000000000          -0.333333309701201
-0.000841000000000          -0.333333309757301
-0.000840000000000          -0.333333309813334
-0.000839000000000          -0.333333309869301
-0.000838000000000          -0.333333309925201
-0.000837000000000          -0.333333309981034
-0.000836000000000          -0.333333310036801
-0.000835000000000          -0.333333310092501
-0.000834000000000          -0.333333310148134
-0.000833000000000          -0.333333310203700
-0.000832000000000          -0.333333310259201
-0.000831000000000          -0.333333310314634
-0.000830000000000          -0.333333310370001
-0.000829000000000          -0.333333310425301
-0.000828000000000          -0.333333310480534
-0.000827000000000          -0.333333310535701
-0.000826000000000          -0.333333310590801
-0.000825000000000          -0.333333310645834
-0.000824000000000          -0.333333310700801
-0.000823000000000          -0.333333310755701
-0.000822000000000          -0.333333310810534
-0.000821000000000          -0.333333310865301
-0.000820000000000          -0.333333310920001
-0.000819000000000          -0.333333310974634
-0.000818000000000          -0.333333311029201
-0.000817000000000          -0.333333311083701
-0.000816000000000          -0.333333311138134
-0.000815000000000          -0.333333311192501
-0.000814000000000          -0.333333311246801
-0.000813000000000          -0.333333311301034
-0.000812000000000          -0.333333311355201
-0.000811000000000          -0.333333311409301
-0.000810000000000          -0.333333311463334
-0.000809000000000          -0.333333311517301
-0.000808000000000          -0.333333311571200
-0.000807000000000          -0.333333311625034
-0.000806000000000          -0.333333311678800
-0.000805000000000          -0.333333311732500
-0.000804000000000          -0.333333311786134
-0.000803000000000          -0.333333311839700
-0.000802000000000          -0.333333311893200
-0.000801000000000          -0.333333311946634
-0.000800000000000          -0.333333312000000
-0.000799000000000          -0.333333312053300
-0.000798000000000          -0.333333312106534
-0.000797000000000          -0.333333312159701
-0.000796000000000          -0.333333312212800
-0.000795000000000          -0.333333312265834
-0.000794000000000          -0.333333312318800
-0.000793000000000          -0.333333312371700
-0.000792000000000          -0.333333312424534
-0.000791000000000          -0.333333312477300
-0.000790000000000          -0.333333312530000
-0.000789000000000          -0.333333312582634
-0.000788000000000          -0.333333312635200
-0.000787000000000          -0.333333312687701
-0.000786000000000          -0.333333312740134
-0.000785000000000          -0.333333312792500
-0.000784000000000          -0.333333312844800
-0.000783000000000          -0.333333312897034
-0.000782000000000          -0.333333312949200
-0.000781000000000          -0.333333313001300
-0.000780000000000          -0.333333313053334
-0.000779000000000          -0.333333313105300
-0.000778000000000          -0.333333313157200
-0.000777000000000          -0.333333313209034
-0.000776000000000          -0.333333313260800
-0.000775000000000          -0.333333313312500
-0.000774000000000          -0.333333313364134
-0.000773000000000          -0.333333313415700
-0.000772000000000          -0.333333313467200
-0.000771000000000          -0.333333313518634
-0.000770000000000          -0.333333313570000
-0.000769000000000          -0.333333313621300
-0.000768000000000          -0.333333313672534
-0.000767000000000          -0.333333313723700
-0.000766000000000          -0.333333313774800
-0.000765000000000          -0.333333313825834
-0.000764000000000          -0.333333313876800
-0.000763000000000          -0.333333313927700
-0.000762000000000          -0.333333313978534
-0.000761000000000          -0.333333314029300
-0.000760000000000          -0.333333314080000
-0.000759000000000          -0.333333314130634
-0.000758000000000          -0.333333314181200
-0.000757000000000          -0.333333314231700
-0.000756000000000          -0.333333314282134
-0.000755000000000          -0.333333314332500
-0.000754000000000          -0.333333314382800
-0.000753000000000          -0.333333314433034
-0.000752000000000          -0.333333314483200
-0.000751000000000          -0.333333314533300
-0.000750000000000          -0.333333314583334
-0.000749000000000          -0.333333314633300
-0.000748000000000          -0.333333314683200
-0.000747000000000          -0.333333314733034
-0.000746000000000          -0.333333314782800
-0.000745000000000          -0.333333314832500
-0.000744000000000          -0.333333314882134
-0.000743000000000          -0.333333314931700
-0.000742000000000          -0.333333314981200
-0.000741000000000          -0.333333315030634
-0.000740000000000          -0.333333315080000
-0.000739000000000          -0.333333315129300
-0.000738000000000          -0.333333315178534
-0.000737000000000          -0.333333315227700
-0.000736000000000          -0.333333315276800
-0.000735000000000          -0.333333315325834
-0.000734000000000          -0.333333315374800
-0.000733000000000          -0.333333315423700
-0.000732000000000          -0.333333315472534
-0.000731000000000          -0.333333315521300
-0.000730000000000          -0.333333315570000
-0.000729000000000          -0.333333315618634
-0.000728000000000          -0.333333315667200
-0.000727000000000          -0.333333315715700
-0.000726000000000          -0.333333315764134
-0.000725000000000          -0.333333315812500
-0.000724000000000          -0.333333315860800
-0.000723000000000          -0.333333315909034
-0.000722000000000          -0.333333315957200
-0.000721000000000          -0.333333316005300
-0.000720000000000          -0.333333316053334
-0.000719000000000          -0.333333316101300
-0.000718000000000          -0.333333316149200
-0.000717000000000          -0.333333316197034
-0.000716000000000          -0.333333316244800
-0.000715000000000          -0.333333316292500
-0.000714000000000          -0.333333316340134
-0.000713000000000          -0.333333316387700
-0.000712000000000          -0.333333316435200
-0.000711000000000          -0.333333316482634
-0.000710000000000          -0.333333316530000
-0.000709000000000          -0.333333316577300
-0.000708000000000          -0.333333316624534
-0.000707000000000          -0.333333316671700
-0.000706000000000          -0.333333316718800
-0.000705000000000          -0.333333316765834
-0.000704000000000          -0.333333316812800
-0.000703000000000          -0.333333316859700
-0.000702000000000          -0.333333316906534
-0.000701000000000          -0.333333316953300
-0.000700000000000          -0.333333317000000
-0.000699000000000          -0.333333317046634
-0.000698000000000          -0.333333317093200
-0.000697000000000          -0.333333317139700
-0.000696000000000          -0.333333317186134
-0.000695000000000          -0.333333317232500
-0.000694000000000          -0.333333317278800
-0.000693000000000          -0.333333317325034
-0.000692000000000          -0.333333317371200
-0.000691000000000          -0.333333317417300
-0.000690000000000          -0.333333317463334
-0.000689000000000          -0.333333317509300
-0.000688000000000          -0.333333317555200
-0.000687000000000          -0.333333317601034
-0.000686000000000          -0.333333317646800
-0.000685000000000          -0.333333317692500
-0.000684000000000          -0.333333317738134
-0.000683000000000          -0.333333317783700
-0.000682000000000          -0.333333317829200
-0.000681000000000          -0.333333317874634
-0.000680000000000          -0.333333317920000
-0.000679000000000          -0.333333317965300
-0.000678000000000          -0.333333318010534
-0.000677000000000          -0.333333318055700
-0.000676000000000          -0.333333318100800
-0.000675000000000          -0.333333318145834
-0.000674000000000          -0.333333318190800
-0.000673000000000          -0.333333318235700
-0.000672000000000          -0.333333318280534
-0.000671000000000          -0.333333318325300
-0.000670000000000          -0.333333318370000
-0.000669000000000          -0.333333318414634
-0.000668000000000          -0.333333318459200
-0.000667000000000          -0.333333318503700
-0.000666000000000          -0.333333318548134
-0.000665000000000          -0.333333318592500
-0.000664000000000          -0.333333318636800
-0.000663000000000          -0.333333318681033
-0.000662000000000          -0.333333318725200
-0.000661000000000          -0.333333318769300
-0.000660000000000          -0.333333318813334
-0.000659000000000          -0.333333318857300
-0.000658000000000          -0.333333318901200
-0.000657000000000          -0.333333318945034
-0.000656000000000          -0.333333318988800
-0.000655000000000          -0.333333319032500
-0.000654000000000          -0.333333319076134
-0.000653000000000          -0.333333319119700
-0.000652000000000          -0.333333319163200
-0.000651000000000          -0.333333319206634
-0.000650000000000          -0.333333319250000
-0.000649000000000          -0.333333319293300
-0.000648000000000          -0.333333319336534
-0.000647000000000          -0.333333319379700
-0.000646000000000          -0.333333319422800
-0.000645000000000          -0.333333319465833
-0.000644000000000          -0.333333319508800
-0.000643000000000          -0.333333319551700
-0.000642000000000          -0.333333319594533
-0.000641000000000          -0.333333319637300
-0.000640000000000          -0.333333319680000
-0.000639000000000          -0.333333319722634
-0.000638000000000          -0.333333319765200
-0.000637000000000          -0.333333319807700
-0.000636000000000          -0.333333319850134
-0.000635000000000          -0.333333319892500
-0.000634000000000          -0.333333319934800
-0.000633000000000          -0.333333319977034
-0.000632000000000          -0.333333320019200
-0.000631000000000          -0.333333320061300
-0.000630000000000          -0.333333320103334
-0.000629000000000          -0.333333320145300
-0.000628000000000          -0.333333320187200
-0.000627000000000          -0.333333320229034
-0.000626000000000          -0.333333320270800
-0.000625000000000          -0.333333320312500
-0.000624000000000          -0.333333320354134
-0.000623000000000          -0.333333320395700
-0.000622000000000          -0.333333320437200
-0.000621000000000          -0.333333320478634
-0.000620000000000          -0.333333320520000
-0.000619000000000          -0.333333320561300
-0.000618000000000          -0.333333320602534
-0.000617000000000          -0.333333320643700
-0.000616000000000          -0.333333320684800
-0.000615000000000          -0.333333320725834
-0.000614000000000          -0.333333320766800
-0.000613000000000          -0.333333320807700
-0.000612000000000          -0.333333320848534
-0.000611000000000          -0.333333320889300
-0.000610000000000          -0.333333320930000
-0.000609000000000          -0.333333320970634
-0.000608000000000          -0.333333321011200
-0.000607000000000          -0.333333321051700
-0.000606000000000          -0.333333321092133
-0.000605000000000          -0.333333321132500
-0.000604000000000          -0.333333321172800
-0.000603000000000          -0.333333321213033
-0.000602000000000          -0.333333321253200
-0.000601000000000          -0.333333321293300
-0.000600000000000          -0.333333321333333
-0.000599000000000          -0.333333321373300
-0.000598000000000          -0.333333321413200
-0.000597000000000          -0.333333321453033
-0.000596000000000          -0.333333321492800
-0.000595000000000          -0.333333321532500
-0.000594000000000          -0.333333321572133
-0.000593000000000          -0.333333321611700
-0.000592000000000          -0.333333321651200
-0.000591000000000          -0.333333321690634
-0.000590000000000          -0.333333321730000
-0.000589000000000          -0.333333321769300
-0.000588000000000          -0.333333321808533
-0.000587000000000          -0.333333321847700
-0.000586000000000          -0.333333321886800
-0.000585000000000          -0.333333321925833
-0.000584000000000          -0.333333321964800
-0.000583000000000          -0.333333322003700
-0.000582000000000          -0.333333322042533
-0.000581000000000          -0.333333322081300
-0.000580000000000          -0.333333322120000
-0.000579000000000          -0.333333322158633
-0.000578000000000          -0.333333322197200
-0.000577000000000          -0.333333322235700
-0.000576000000000          -0.333333322274133
-0.000575000000000          -0.333333322312500
-0.000574000000000          -0.333333322350800
-0.000573000000000          -0.333333322389033
-0.000572000000000          -0.333333322427200
-0.000571000000000          -0.333333322465300
-0.000570000000000          -0.333333322503333
-0.000569000000000          -0.333333322541300
-0.000568000000000          -0.333333322579200
-0.000567000000000          -0.333333322617033
-0.000566000000000          -0.333333322654800
-0.000565000000000          -0.333333322692500
-0.000564000000000          -0.333333322730133
-0.000563000000000          -0.333333322767700
-0.000562000000000          -0.333333322805200
-0.000561000000000          -0.333333322842633
-0.000560000000000          -0.333333322880000
-0.000559000000000          -0.333333322917300
-0.000558000000000          -0.333333322954533
-0.000557000000000          -0.333333322991700
-0.000556000000000          -0.333333323028800
-0.000555000000000          -0.333333323065833
-0.000554000000000          -0.333333323102800
-0.000553000000000          -0.333333323139700
-0.000552000000000          -0.333333323176533
-0.000551000000000          -0.333333323213300
-0.000550000000000          -0.333333323250000
-0.000549000000000          -0.333333323286633
-0.000548000000000          -0.333333323323200
-0.000547000000000          -0.333333323359700
-0.000546000000000          -0.333333323396133
-0.000545000000000          -0.333333323432500
-0.000544000000000          -0.333333323468800
-0.000543000000000          -0.333333323505033
-0.000542000000000          -0.333333323541200
-0.000541000000000          -0.333333323577300
-0.000540000000000          -0.333333323613333
-0.000539000000000          -0.333333323649300
-0.000538000000000          -0.333333323685200
-0.000537000000000          -0.333333323721033
-0.000536000000000          -0.333333323756800
-0.000535000000000          -0.333333323792500
-0.000534000000000          -0.333333323828133
-0.000533000000000          -0.333333323863700
-0.000532000000000          -0.333333323899200
-0.000531000000000          -0.333333323934633
-0.000530000000000          -0.333333323970000
-0.000529000000000          -0.333333324005300
-0.000528000000000          -0.333333324040533
-0.000527000000000          -0.333333324075700
-0.000526000000000          -0.333333324110800
-0.000525000000000          -0.333333324145833
-0.000524000000000          -0.333333324180800
-0.000523000000000          -0.333333324215700
-0.000522000000000          -0.333333324250533
-0.000521000000000          -0.333333324285300
-0.000520000000000          -0.333333324320000
-0.000519000000000          -0.333333324354633
-0.000518000000000          -0.333333324389200
-0.000517000000000          -0.333333324423700
-0.000516000000000          -0.333333324458133
-0.000515000000000          -0.333333324492500
-0.000514000000000          -0.333333324526800
-0.000513000000000          -0.333333324561033
-0.000512000000000          -0.333333324595200
-0.000511000000000          -0.333333324629300
-0.000510000000000          -0.333333324663333
-0.000509000000000          -0.333333324697300
-0.000508000000000          -0.333333324731200
-0.000507000000000          -0.333333324765033
-0.000506000000000          -0.333333324798800
-0.000505000000000          -0.333333324832500
-0.000504000000000          -0.333333324866133
-0.000503000000000          -0.333333324899700
-0.000502000000000          -0.333333324933200
-0.000501000000000          -0.333333324966633
-0.000500000000000          -0.333333325000000
-0.000499000000000          -0.333333325033300
-0.000498000000000          -0.333333325066533
-0.000497000000000          -0.333333325099700
-0.000496000000000          -0.333333325132800
-0.000495000000000          -0.333333325165833
-0.000494000000000          -0.333333325198800
-0.000493000000000          -0.333333325231700
-0.000492000000000          -0.333333325264533
-0.000491000000000          -0.333333325297300
-0.000490000000000          -0.333333325330000
-0.000489000000000          -0.333333325362633
-0.000488000000000          -0.333333325395200
-0.000487000000000          -0.333333325427700
-0.000486000000000          -0.333333325460133
-0.000485000000000          -0.333333325492500
-0.000484000000000          -0.333333325524800
-0.000483000000000          -0.333333325557033
-0.000482000000000          -0.333333325589200
-0.000481000000000          -0.333333325621300
-0.000480000000000          -0.333333325653333
-0.000479000000000          -0.333333325685300
-0.000478000000000          -0.333333325717200
-0.000477000000000          -0.333333325749033
-0.000476000000000          -0.333333325780800
-0.000475000000000          -0.333333325812500
-0.000474000000000          -0.333333325844133
-0.000473000000000          -0.333333325875700
-0.000472000000000          -0.333333325907200
-0.000471000000000          -0.333333325938633
-0.000470000000000          -0.333333325970000
-0.000469000000000          -0.333333326001300
-0.000468000000000          -0.333333326032533
-0.000467000000000          -0.333333326063700
-0.000466000000000          -0.333333326094800
-0.000465000000000          -0.333333326125833
-0.000464000000000          -0.333333326156800
-0.000463000000000          -0.333333326187700
-0.000462000000000          -0.333333326218533
-0.000461000000000          -0.333333326249300
-0.000460000000000          -0.333333326280000
-0.000459000000000          -0.333333326310633
-0.000458000000000          -0.333333326341200
-0.000457000000000          -0.333333326371700
-0.000456000000000          -0.333333326402133
-0.000455000000000          -0.333333326432500
-0.000454000000000          -0.333333326462800
-0.000453000000000          -0.333333326493033
-0.000452000000000          -0.333333326523200
-0.000451000000000          -0.333333326553300
-0.000450000000000          -0.333333326583333
-0.000449000000000          -0.333333326613300
-0.000448000000000          -0.333333326643200
-0.000447000000000          -0.333333326673033
-0.000446000000000          -0.333333326702800
-0.000445000000000          -0.333333326732500
-0.000444000000000          -0.333333326762133
-0.000443000000000          -0.333333326791700
-0.000442000000000          -0.333333326821200
-0.000441000000000          -0.333333326850633
-0.000440000000000          -0.333333326880000
-0.000439000000000          -0.333333326909300
-0.000438000000000          -0.333333326938533
-0.000437000000000          -0.333333326967700
-0.000436000000000          -0.333333326996800
-0.000435000000000          -0.333333327025833
-0.000434000000000          -0.333333327054800
-0.000433000000000          -0.333333327083700
-0.000432000000000          -0.333333327112533
-0.000431000000000          -0.333333327141300
-0.000430000000000          -0.333333327170000
-0.000429000000000          -0.333333327198633
-0.000428000000000          -0.333333327227200
-0.000427000000000          -0.333333327255700
-0.000426000000000          -0.333333327284133
-0.000425000000000          -0.333333327312500
-0.000424000000000          -0.333333327340800
-0.000423000000000          -0.333333327369033
-0.000422000000000          -0.333333327397200
-0.000421000000000          -0.333333327425300
-0.000420000000000          -0.333333327453333
-0.000419000000000          -0.333333327481300
-0.000418000000000          -0.333333327509200
-0.000417000000000          -0.333333327537033
-0.000416000000000          -0.333333327564800
-0.000415000000000          -0.333333327592500
-0.000414000000000          -0.333333327620133
-0.000413000000000          -0.333333327647700
-0.000412000000000          -0.333333327675200
-0.000411000000000          -0.333333327702633
-0.000410000000000          -0.333333327730000
-0.000409000000000          -0.333333327757300
-0.000408000000000          -0.333333327784533
-0.000407000000000          -0.333333327811700
-0.000406000000000          -0.333333327838800
-0.000405000000000          -0.333333327865833
-0.000404000000000          -0.333333327892800
-0.000403000000000          -0.333333327919700
-0.000402000000000          -0.333333327946533
-0.000401000000000          -0.333333327973300
-0.000400000000000          -0.333333328000000
-0.000399000000000          -0.333333328026633
-0.000398000000000          -0.333333328053200
-0.000397000000000          -0.333333328079700
-0.000396000000000          -0.333333328106133
-0.000395000000000          -0.333333328132500
-0.000394000000000          -0.333333328158800
-0.000393000000000          -0.333333328185033
-0.000392000000000          -0.333333328211200
-0.000391000000000          -0.333333328237300
-0.000390000000000          -0.333333328263333
-0.000389000000000          -0.333333328289300
-0.000388000000000          -0.333333328315200
-0.000387000000000          -0.333333328341033
-0.000386000000000          -0.333333328366800
-0.000385000000000          -0.333333328392500
-0.000384000000000          -0.333333328418133
-0.000383000000000          -0.333333328443700
-0.000382000000000          -0.333333328469200
-0.000381000000000          -0.333333328494633
-0.000380000000000          -0.333333328520000
-0.000379000000000          -0.333333328545300
-0.000378000000000          -0.333333328570533
-0.000377000000000          -0.333333328595700
-0.000376000000000          -0.333333328620800
-0.000375000000000          -0.333333328645833
-0.000374000000000          -0.333333328670800
-0.000373000000000          -0.333333328695700
-0.000372000000000          -0.333333328720533
-0.000371000000000          -0.333333328745300
-0.000370000000000          -0.333333328770000
-0.000369000000000          -0.333333328794633
-0.000368000000000          -0.333333328819200
-0.000367000000000          -0.333333328843700
-0.000366000000000          -0.333333328868133
-0.000365000000000          -0.333333328892500
-0.000364000000000          -0.333333328916800
-0.000363000000000          -0.333333328941033
-0.000362000000000          -0.333333328965200
-0.000361000000000          -0.333333328989300
-0.000360000000000          -0.333333329013333
-0.000359000000000          -0.333333329037300
-0.000358000000000          -0.333333329061200
-0.000357000000000          -0.333333329085033
-0.000356000000000          -0.333333329108800
-0.000355000000000          -0.333333329132500
-0.000354000000000          -0.333333329156133
-0.000353000000000          -0.333333329179700
-0.000352000000000          -0.333333329203200
-0.000351000000000          -0.333333329226633
-0.000350000000000          -0.333333329250000
-0.000349000000000          -0.333333329273300
-0.000348000000000          -0.333333329296533
-0.000347000000000          -0.333333329319700
-0.000346000000000          -0.333333329342800
-0.000345000000000          -0.333333329365833
-0.000344000000000          -0.333333329388800
-0.000343000000000          -0.333333329411700
-0.000342000000000          -0.333333329434533
-0.000341000000000          -0.333333329457300
-0.000340000000000          -0.333333329480000
-0.000339000000000          -0.333333329502633
-0.000338000000000          -0.333333329525200
-0.000337000000000          -0.333333329547700
-0.000336000000000          -0.333333329570133
-0.000335000000000          -0.333333329592500
-0.000334000000000          -0.333333329614800
-0.000333000000000          -0.333333329637033
-0.000332000000000          -0.333333329659200
-0.000331000000000          -0.333333329681300
-0.000330000000000          -0.333333329703333
-0.000329000000000          -0.333333329725300
-0.000328000000000          -0.333333329747200
-0.000327000000000          -0.333333329769033
-0.000326000000000          -0.333333329790800
-0.000325000000000          -0.333333329812500
-0.000324000000000          -0.333333329834133
-0.000323000000000          -0.333333329855700
-0.000322000000000          -0.333333329877200
-0.000321000000000          -0.333333329898633
-0.000320000000000          -0.333333329920000
-0.000319000000000          -0.333333329941300
-0.000318000000000          -0.333333329962533
-0.000317000000000          -0.333333329983700
-0.000316000000000          -0.333333330004800
-0.000315000000000          -0.333333330025833
-0.000314000000000          -0.333333330046800
-0.000313000000000          -0.333333330067700
-0.000312000000000          -0.333333330088533
-0.000311000000000          -0.333333330109300
-0.000310000000000          -0.333333330130000
-0.000309000000000          -0.333333330150633
-0.000308000000000          -0.333333330171200
-0.000307000000000          -0.333333330191700
-0.000306000000000          -0.333333330212133
-0.000305000000000          -0.333333330232500
-0.000304000000000          -0.333333330252800
-0.000303000000000          -0.333333330273033
-0.000302000000000          -0.333333330293200
-0.000301000000000          -0.333333330313300
-0.000300000000000          -0.333333330333333
-0.000299000000000          -0.333333330353300
-0.000298000000000          -0.333333330373200
-0.000297000000000          -0.333333330393033
-0.000296000000000          -0.333333330412800
-0.000295000000000          -0.333333330432500
-0.000294000000000          -0.333333330452133
-0.000293000000000          -0.333333330471700
-0.000292000000000          -0.333333330491200
-0.000291000000000          -0.333333330510633
-0.000290000000000          -0.333333330530000
-0.000289000000000          -0.333333330549300
-0.000288000000000          -0.333333330568533
-0.000287000000000          -0.333333330587700
-0.000286000000000          -0.333333330606800
-0.000285000000000          -0.333333330625833
-0.000284000000000          -0.333333330644800
-0.000283000000000          -0.333333330663700
-0.000282000000000          -0.333333330682533
-0.000281000000000          -0.333333330701300
-0.000280000000000          -0.333333330720000
-0.000279000000000          -0.333333330738633
-0.000278000000000          -0.333333330757200
-0.000277000000000          -0.333333330775700
-0.000276000000000          -0.333333330794133
-0.000275000000000          -0.333333330812500
-0.000274000000000          -0.333333330830800
-0.000273000000000          -0.333333330849033
-0.000272000000000          -0.333333330867200
-0.000271000000000          -0.333333330885300
-0.000270000000000          -0.333333330903333
-0.000269000000000          -0.333333330921300
-0.000268000000000          -0.333333330939200
-0.000267000000000          -0.333333330957033
-0.000266000000000          -0.333333330974800
-0.000265000000000          -0.333333330992500
-0.000264000000000          -0.333333331010133
-0.000263000000000          -0.333333331027700
-0.000262000000000          -0.333333331045200
-0.000261000000000          -0.333333331062633
-0.000260000000000          -0.333333331080000
-0.000259000000000          -0.333333331097300
-0.000258000000000          -0.333333331114533
-0.000257000000000          -0.333333331131700
-0.000256000000000          -0.333333331148800
-0.000255000000000          -0.333333331165833
-0.000254000000000          -0.333333331182800
-0.000253000000000          -0.333333331199700
-0.000252000000000          -0.333333331216533
-0.000251000000000          -0.333333331233300
-0.000250000000000          -0.333333331250000
-0.000249000000000          -0.333333331266633
-0.000248000000000          -0.333333331283200
-0.000247000000000          -0.333333331299700
-0.000246000000000          -0.333333331316133
-0.000245000000000          -0.333333331332500
-0.000244000000000          -0.333333331348800
-0.000243000000000          -0.333333331365033
-0.000242000000000          -0.333333331381200
-0.000241000000000          -0.333333331397300
-0.000240000000000          -0.333333331413333
-0.000239000000000          -0.333333331429300
-0.000238000000000          -0.333333331445200
-0.000237000000000          -0.333333331461033
-0.000236000000000          -0.333333331476800
-0.000235000000000          -0.333333331492500
-0.000234000000000          -0.333333331508133
-0.000233000000000          -0.333333331523700
-0.000232000000000          -0.333333331539200
-0.000231000000000          -0.333333331554633
-0.000230000000000          -0.333333331570000
-0.000229000000000          -0.333333331585300
-0.000228000000000          -0.333333331600533
-0.000227000000000          -0.333333331615700
-0.000226000000000          -0.333333331630800
-0.000225000000000          -0.333333331645833
-0.000224000000000          -0.333333331660800
-0.000223000000000          -0.333333331675700
-0.000222000000000          -0.333333331690533
-0.000221000000000          -0.333333331705300
-0.000220000000000          -0.333333331720000
-0.000219000000000          -0.333333331734633
-0.000218000000000          -0.333333331749200
-0.000217000000000          -0.333333331763700
-0.000216000000000          -0.333333331778133
-0.000215000000000          -0.333333331792500
-0.000214000000000          -0.333333331806800
-0.000213000000000          -0.333333331821033
-0.000212000000000          -0.333333331835200
-0.000211000000000          -0.333333331849300
-0.000210000000000          -0.333333331863333
-0.000209000000000          -0.333333331877300
-0.000208000000000          -0.333333331891200
-0.000207000000000          -0.333333331905033
-0.000206000000000          -0.333333331918800
-0.000205000000000          -0.333333331932500
-0.000204000000000          -0.333333331946133
-0.000203000000000          -0.333333331959700
-0.000202000000000          -0.333333331973200
-0.000201000000000          -0.333333331986633
-0.000200000000000          -0.333333332000000
-0.000199000000000          -0.333333332013300
-0.000198000000000          -0.333333332026533
-0.000197000000000          -0.333333332039700
-0.000196000000000          -0.333333332052800
-0.000195000000000          -0.333333332065833
-0.000194000000000          -0.333333332078800
-0.000193000000000          -0.333333332091700
-0.000192000000000          -0.333333332104533
-0.000191000000000          -0.333333332117300
-0.000190000000000          -0.333333332130000
-0.000189000000000          -0.333333332142633
-0.000188000000000          -0.333333332155200
-0.000187000000000          -0.333333332167700
-0.000186000000000          -0.333333332180133
-0.000185000000000          -0.333333332192500
-0.000184000000000          -0.333333332204800
-0.000183000000000          -0.333333332217033
-0.000182000000000          -0.333333332229200
-0.000181000000000          -0.333333332241300
-0.000180000000000          -0.333333332253333
-0.000179000000000          -0.333333332265300
-0.000178000000000          -0.333333332277200
-0.000177000000000          -0.333333332289033
-0.000176000000000          -0.333333332300800
-0.000175000000000          -0.333333332312500
-0.000174000000000          -0.333333332324133
-0.000173000000000          -0.333333332335700
-0.000172000000000          -0.333333332347200
-0.000171000000000          -0.333333332358633
-0.000170000000000          -0.333333332370000
-0.000169000000000          -0.333333332381300
-0.000168000000000          -0.333333332392533
-0.000167000000000          -0.333333332403700
-0.000166000000000          -0.333333332414800
-0.000165000000000          -0.333333332425833
-0.000164000000000          -0.333333332436800
-0.000163000000000          -0.333333332447700
-0.000162000000000          -0.333333332458533
-0.000161000000000          -0.333333332469300
-0.000160000000000          -0.333333332480000
-0.000159000000000          -0.333333332490633
-0.000158000000000          -0.333333332501200
-0.000157000000000          -0.333333332511700
-0.000156000000000          -0.333333332522133
-0.000155000000000          -0.333333332532500
-0.000154000000000          -0.333333332542800
-0.000153000000000          -0.333333332553033
-0.000152000000000          -0.333333332563200
-0.000151000000000          -0.333333332573300
-0.000150000000000          -0.333333332583333
-0.000149000000000          -0.333333332593300
-0.000148000000000          -0.333333332603200
-0.000147000000000          -0.333333332613033
-0.000146000000000          -0.333333332622800
-0.000145000000000          -0.333333332632500
-0.000144000000000          -0.333333332642133
-0.000143000000000          -0.333333332651700
-0.000142000000000          -0.333333332661200
-0.000141000000000          -0.333333332670633
-0.000140000000000          -0.333333332680000
-0.000139000000000          -0.333333332689300
-0.000138000000000          -0.333333332698533
-0.000137000000000          -0.333333332707700
-0.000136000000000          -0.333333332716800
-0.000135000000000          -0.333333332725833
-0.000134000000000          -0.333333332734800
-0.000133000000000          -0.333333332743700
-0.000132000000000          -0.333333332752533
-0.000131000000000          -0.333333332761300
-0.000130000000000          -0.333333332770000
-0.000129000000000          -0.333333332778633
-0.000128000000000          -0.333333332787200
-0.000127000000000          -0.333333332795700
-0.000126000000000          -0.333333332804133
-0.000125000000000          -0.333333332812500
-0.000124000000000          -0.333333332820800
-0.000123000000000          -0.333333332829033
-0.000122000000000          -0.333333332837200
-0.000121000000000          -0.333333332845300
-0.000120000000000          -0.333333332853333
-0.000119000000000          -0.333333332861300
-0.000118000000000          -0.333333332869200
-0.000117000000000          -0.333333332877033
-0.000116000000000          -0.333333332884800
-0.000115000000000          -0.333333332892500
-0.000114000000000          -0.333333332900133
-0.000113000000000          -0.333333332907700
-0.000112000000000          -0.333333332915200
-0.000111000000000          -0.333333332922633
-0.000110000000000          -0.333333332930000
-0.000109000000000          -0.333333332937300
-0.000108000000000          -0.333333332944533
-0.000107000000000          -0.333333332951700
-0.000106000000000          -0.333333332958800
-0.000105000000000          -0.333333332965833
-0.000104000000000          -0.333333332972800
-0.000103000000000          -0.333333332979700
-0.000102000000000          -0.333333332986533
-0.000101000000000          -0.333333332993300
-0.000100000000000          -0.333333333000000
-0.000099000000000          -0.333333333006633
-0.000098000000000          -0.333333333013200
-0.000097000000000          -0.333333333019700
-0.000096000000000          -0.333333333026133
-0.000095000000000          -0.333333333032500
-0.000094000000000          -0.333333333038800
-0.000093000000000          -0.333333333045033
-0.000092000000000          -0.333333333051200
-0.000091000000000          -0.333333333057300
-0.000090000000000          -0.333333333063333
-0.000089000000000          -0.333333333069300
-0.000088000000000          -0.333333333075200
-0.000087000000000          -0.333333333081033
-0.000086000000000          -0.333333333086800
-0.000085000000000          -0.333333333092500
-0.000084000000000          -0.333333333098133
-0.000083000000000          -0.333333333103700
-0.000082000000000          -0.333333333109200
-0.000081000000000          -0.333333333114633
-0.000080000000000          -0.333333333120000
-0.000079000000000          -0.333333333125300
-0.000078000000000          -0.333333333130533
-0.000077000000000          -0.333333333135700
-0.000076000000000          -0.333333333140800
-0.000075000000000          -0.333333333145833
-0.000074000000000          -0.333333333150800
-0.000073000000000          -0.333333333155700
-0.000072000000000          -0.333333333160533
-0.000071000000000          -0.333333333165300
-0.000070000000000          -0.333333333170000
-0.000069000000000          -0.333333333174633
-0.000068000000000          -0.333333333179200
-0.000067000000000          -0.333333333183700
-0.000066000000000          -0.333333333188133
-0.000065000000000          -0.333333333192500
-0.000064000000000          -0.333333333196800
-0.000063000000000          -0.333333333201033
-0.000062000000000          -0.333333333205200
-0.000061000000000          -0.333333333209300
-0.000060000000000          -0.333333333213333
-0.000059000000000          -0.333333333217300
-0.000058000000000          -0.333333333221200
-0.000057000000000          -0.333333333225033
-0.000056000000000          -0.333333333228800
-0.000055000000000          -0.333333333232500
-0.000054000000000          -0.333333333236133
-0.000053000000000          -0.333333333239700
-0.000052000000000          -0.333333333243200
-0.000051000000000          -0.333333333246633
-0.000050000000000          -0.333333333250000
-0.000049000000000          -0.333333333253300
-0.000048000000000          -0.333333333256533
-0.000047000000000          -0.333333333259700
-0.000046000000000          -0.333333333262800
-0.000045000000000          -0.333333333265833
-0.000044000000000          -0.333333333268800
-0.000043000000000          -0.333333333271700
-0.000042000000000          -0.333333333274533
-0.000041000000000          -0.333333333277300
-0.000040000000000          -0.333333333280000
-0.000039000000000          -0.333333333282633
-0.000038000000000          -0.333333333285200
-0.000037000000000          -0.333333333287700
-0.000036000000000          -0.333333333290133
-0.000035000000000          -0.333333333292500
-0.000034000000000          -0.333333333294800
-0.000033000000000          -0.333333333297033
-0.000032000000000          -0.333333333299200
-0.000031000000000          -0.333333333301300
-0.000030000000000          -0.333333333303333
-0.000029000000000          -0.333333333305300
-0.000028000000000          -0.333333333307200
-0.000027000000000          -0.333333333309033
-0.000026000000000          -0.333333333310800
-0.000025000000000          -0.333333333312500
-0.000024000000000          -0.333333333314133
-0.000023000000000          -0.333333333315700
-0.000022000000000          -0.333333333317200
-0.000021000000000          -0.333333333318633
-0.000020000000000          -0.333333333320000
-0.000019000000000          -0.333333333321300
-0.000018000000000          -0.333333333322533
-0.000017000000000          -0.333333333323700
-0.000016000000000          -0.333333333324800
-0.000015000000000          -0.333333333325833
-0.000014000000000          -0.333333333326800
-0.000013000000000          -0.333333333327700
-0.000012000000000          -0.333333333328533
-0.000011000000000          -0.333333333329300
-0.000010000000000          -0.333333333330000
-0.000009000000000          -0.333333333330633
-0.000008000000000          -0.333333333331200
-0.000007000000000          -0.333333333331700
-0.000006000000000          -0.333333333332133
-0.000005000000000          -0.333333333332500
-0.000004000000000          -0.333333333332800
-0.000003000000000          -0.333333333333033
-0.000002000000000          -0.333333333333200
-0.000001000000000          -0.333333333333300
0.000000000000000          -0.333333333333333
0.000001000000000          -0.333333333333300
0.000002000000000          -0.333333333333200
0.000003000000000          -0.333333333333033
0.000004000000000          -0.333333333332800
0.000005000000000          -0.333333333332500
0.000006000000000          -0.333333333332133
0.000007000000000          -0.333333333331700
0.000008000000000          -0.333333333331200
0.000009000000000          -0.333333333330633
0.000010000000000          -0.333333333330000
0.000011000000000          -0.333333333329300
0.000012000000000          -0.333333333328533
0.000013000000000          -0.333333333327700
0.000014000000000          -0.333333333326800
0.000015000000000          -0.333333333325833
0.000016000000000          -0.333333333324800
0.000017000000000          -0.333333333323700
0.000018000000000          -0.333333333322533
0.000019000000000          -0.333333333321300
0.000020000000000          -0.333333333320000
0.000021000000000          -0.333333333318633
0.000022000000000          -0.333333333317200
0.000023000000000          -0.333333333315700
0.000024000000000          -0.333333333314133
0.000025000000000          -0.333333333312500
0.000026000000000          -0.333333333310800
0.000027000000000          -0.333333333309033
0.000028000000000          -0.333333333307200
0.000029000000000          -0.333333333305300
0.000030000000000          -0.333333333303333
0.000031000000000          -0.333333333301300
0.000032000000000          -0.333333333299200
0.000033000000000          -0.333333333297033
0.000034000000000          -0.333333333294800
0.000035000000000          -0.333333333292500
0.000036000000000          -0.333333333290133
0.000037000000000          -0.333333333287700
0.000038000000000          -0.333333333285200
0.000039000000000          -0.333333333282633
0.000040000000000          -0.333333333280000
0.000041000000000          -0.333333333277300
0.000042000000000          -0.333333333274533
0.000043000000000          -0.333333333271700
0.000044000000000          -0.333333333268800
0.000045000000000          -0.333333333265833
0.000046000000000          -0.333333333262800
0.000047000000000          -0.333333333259700
0.000048000000000          -0.333333333256533
0.000049000000000          -0.333333333253300
0.000050000000000          -0.333333333250000
0.000051000000000          -0.333333333246633
0.000052000000000          -0.333333333243200
0.000053000000000          -0.333333333239700
0.000054000000000          -0.333333333236133
0.000055000000000          -0.333333333232500
0.000056000000000          -0.333333333228800
0.000057000000000          -0.333333333225033
0.000058000000000          -0.333333333221200
0.000059000000000          -0.333333333217300
0.000060000000000          -0.333333333213333
0.000061000000000          -0.333333333209300
0.000062000000000          -0.333333333205200
0.000063000000000          -0.333333333201033
0.000064000000000          -0.333333333196800
0.000065000000000          -0.333333333192500
0.000066000000000          -0.333333333188133
0.000067000000000          -0.333333333183700
0.000068000000000          -0.333333333179200
0.000069000000000          -0.333333333174633
0.000070000000000          -0.333333333170000
0.000071000000000          -0.333333333165300
0.000072000000000          -0.333333333160533
0.000073000000000          -0.333333333155700
0.000074000000000          -0.333333333150800
0.000075000000000          -0.333333333145833
0.000076000000000          -0.333333333140800
0.000077000000000          -0.333333333135700
0.000078000000000          -0.333333333130533
0.000079000000000          -0.333333333125300
0.000080000000000          -0.333333333120000
0.000081000000000          -0.333333333114633
0.000082000000000          -0.333333333109200
0.000083000000000          -0.333333333103700
0.000084000000000          -0.333333333098133
0.000085000000000          -0.333333333092500
0.000086000000000          -0.333333333086800
0.000087000000000          -0.333333333081033
0.000088000000000          -0.333333333075200
0.000089000000000          -0.333333333069300
0.000090000000000          -0.333333333063333
0.000091000000000          -0.333333333057300
0.000092000000000          -0.333333333051200
0.000093000000000          -0.333333333045033
0.000094000000000          -0.333333333038800
0.000095000000000          -0.333333333032500
0.000096000000000          -0.333333333026133
0.000097000000000          -0.333333333019700
0.000098000000000          -0.333333333013200
0.000099000000000          -0.333333333006633
0.000100000000000          -0.333333333000000
0.000101000000000          -0.333333332993300
0.000102000000000          -0.333333332986533
0.000103000000000          -0.333333332979700
0.000104000000000          -0.333333332972800
0.000105000000000          -0.333333332965833
0.000106000000000          -0.333333332958800
0.000107000000000          -0.333333332951700
0.000108000000000          -0.333333332944533
0.000109000000000          -0.333333332937300
0.000110000000000          -0.333333332930000
0.000111000000000          -0.333333332922633
0.000112000000000          -0.333333332915200
0.000113000000000          -0.333333332907700
0.000114000000000          -0.333333332900133
0.000115000000000          -0.333333332892500
0.000116000000000          -0.333333332884800
0.000117000000000          -0.333333332877033
0.000118000000000          -0.333333332869200
0.000119000000000          -0.333333332861300
0.000120000000000          -0.333333332853333
0.000121000000000          -0.333333332845300
0.000122000000000          -0.333333332837200
0.000123000000000          -0.333333332829033
0.000124000000000          -0.333333332820800
0.000125000000000          -0.333333332812500
0.000126000000000          -0.333333332804133
0.000127000000000          -0.333333332795700
0.000128000000000          -0.333333332787200
0.000129000000000          -0.333333332778633
0.000130000000000          -0.333333332770000
0.000131000000000          -0.333333332761300
0.000132000000000          -0.333333332752533
0.000133000000000          -0.333333332743700
0.000134000000000          -0.333333332734800
0.000135000000000          -0.333333332725833
0.000136000000000          -0.333333332716800
0.000137000000000          -0.333333332707700
0.000138000000000          -0.333333332698533
0.000139000000000          -0.333333332689300
0.000140000000000          -0.333333332680000
0.000141000000000          -0.333333332670633
0.000142000000000          -0.333333332661200
0.000143000000000          -0.333333332651700
0.000144000000000          -0.333333332642133
0.000145000000000          -0.333333332632500
0.000146000000000          -0.333333332622800
0.000147000000000          -0.333333332613033
0.000148000000000          -0.333333332603200
0.000149000000000          -0.333333332593300
0.000150000000000          -0.333333332583333
0.000151000000000          -0.333333332573300
0.000152000000000          -0.333333332563200
0.000153000000000          -0.333333332553033
0.000154000000000          -0.333333332542800
0.000155000000000          -0.333333332532500
0.000156000000000          -0.333333332522133
0.000157000000000          -0.333333332511700
0.000158000000000          -0.333333332501200
0.000159000000000          -0.333333332490633
0.000160000000000          -0.333333332480000
0.000161000000000          -0.333333332469300
0.000162000000000          -0.333333332458533
0.000163000000000          -0.333333332447700
0.000164000000000          -0.333333332436800
0.000165000000000          -0.333333332425833
0.000166000000000          -0.333333332414800
0.000167000000000          -0.333333332403700
0.000168000000000          -0.333333332392533
0.000169000000000          -0.333333332381300
0.000170000000000          -0.333333332370000
0.000171000000000          -0.333333332358633
0.000172000000000          -0.333333332347200
0.000173000000000          -0.333333332335700
0.000174000000000          -0.333333332324133
0.000175000000000          -0.333333332312500
0.000176000000000          -0.333333332300800
0.000177000000000          -0.333333332289033
0.000178000000000          -0.333333332277200
0.000179000000000          -0.333333332265300
0.000180000000000          -0.333333332253333
0.000181000000000          -0.333333332241300
0.000182000000000          -0.333333332229200
0.000183000000000          -0.333333332217033
0.000184000000000          -0.333333332204800
0.000185000000000          -0.333333332192500
0.000186000000000          -0.333333332180133
0.000187000000000          -0.333333332167700
0.000188000000000          -0.333333332155200
0.000189000000000          -0.333333332142633
0.000190000000000          -0.333333332130000
0.000191000000000          -0.333333332117300
0.000192000000000          -0.333333332104533
0.000193000000000          -0.333333332091700
0.000194000000000          -0.333333332078800
0.000195000000000          -0.333333332065833
0.000196000000000          -0.333333332052800
0.000197000000000          -0.333333332039700
0.000198000000000          -0.333333332026533
0.000199000000000          -0.333333332013300
0.000200000000000          -0.333333332000000
0.000201000000000          -0.333333331986633
0.000202000000000          -0.333333331973200
0.000203000000000          -0.333333331959700
0.000204000000000          -0.333333331946133
0.000205000000000          -0.333333331932500
0.000206000000000          -0.333333331918800
0.000207000000000          -0.333333331905033
0.000208000000000          -0.333333331891200
0.000209000000000          -0.333333331877300
0.000210000000000          -0.333333331863333
0.000211000000000          -0.333333331849300
0.000212000000000          -0.333333331835200
0.000213000000000          -0.333333331821033
0.000214000000000          -0.333333331806800
0.000215000000000          -0.333333331792500
0.000216000000000          -0.333333331778133
0.000217000000000          -0.333333331763700
0.000218000000000          -0.333333331749200
0.000219000000000          -0.333333331734633
0.000220000000000          -0.333333331720000
0.000221000000000          -0.333333331705300
0.000222000000000          -0.333333331690533
0.000223000000000          -0.333333331675700
0.000224000000000          -0.333333331660800
0.000225000000000          -0.333333331645833
0.000226000000000          -0.333333331630800
0.000227000000000          -0.333333331615700
0.000228000000000          -0.333333331600533
0.000229000000000          -0.333333331585300
0.000230000000000          -0.333333331570000
0.000231000000000          -0.333333331554633
0.000232000000000          -0.333333331539200
0.000233000000000          -0.333333331523700
0.000234000000000          -0.333333331508133
0.000235000000000          -0.333333331492500
0.000236000000000          -0.333333331476800
0.000237000000000          -0.333333331461033
0.000238000000000          -0.333333331445200
0.000239000000000          -0.333333331429300
0.000240000000000          -0.333333331413333
0.000241000000000          -0.333333331397300
0.000242000000000          -0.333333331381200
0.000243000000000          -0.333333331365033
0.000244000000000          -0.333333331348800
0.000245000000000          -0.333333331332500
0.000246000000000          -0.333333331316133
0.000247000000000          -0.333333331299700
0.000248000000000          -0.333333331283200
0.000249000000000          -0.333333331266633
0.000250000000000          -0.333333331250000
0.000251000000000          -0.333333331233300
0.000252000000000          -0.333333331216533
0.000253000000000          -0.333333331199700
0.000254000000000          -0.333333331182800
0.000255000000000          -0.333333331165833
0.000256000000000          -0.333333331148800
0.000257000000000          -0.333333331131700
0.000258000000000          -0.333333331114533
0.000259000000000          -0.333333331097300
0.000260000000000          -0.333333331080000
0.000261000000000          -0.333333331062633
0.000262000000000          -0.333333331045200
0.000263000000000          -0.333333331027700
0.000264000000000          -0.333333331010133
0.000265000000000          -0.333333330992500
0.000266000000000          -0.333333330974800
0.000267000000000          -0.333333330957033
0.000268000000000          -0.333333330939200
0.000269000000000          -0.333333330921300
0.000270000000000          -0.333333330903333
0.000271000000000          -0.333333330885300
0.000272000000000          -0.333333330867200
0.000273000000000          -0.333333330849033
0.000274000000000          -0.333333330830800
0.000275000000000          -0.333333330812500
0.000276000000000          -0.333333330794133
0.000277000000000          -0.333333330775700
0.000278000000000          -0.333333330757200
0.000279000000000          -0.333333330738633
0.000280000000000          -0.333333330720000
0.000281000000000          -0.333333330701300
0.000282000000000          -0.333333330682533
0.000283000000000          -0.333333330663700
0.000284000000000          -0.333333330644800
0.000285000000000          -0.333333330625833
0.000286000000000          -0.333333330606800
0.000287000000000          -0.333333330587700
0.000288000000000          -0.333333330568533
0.000289000000000          -0.333333330549300
0.000290000000000          -0.333333330530000
0.000291000000000          -0.333333330510633
0.000292000000000          -0.333333330491200
0.000293000000000          -0.333333330471700
0.000294000000000          -0.333333330452133
0.000295000000000          -0.333333330432500
0.000296000000000          -0.333333330412800
0.000297000000000          -0.333333330393033
0.000298000000000          -0.333333330373200
0.000299000000000          -0.333333330353300
0.000300000000000          -0.333333330333333
0.000301000000000          -0.333333330313300
0.000302000000000          -0.333333330293200
0.000303000000000          -0.333333330273033
0.000304000000000          -0.333333330252800
0.000305000000000          -0.333333330232500
0.000306000000000          -0.333333330212133
0.000307000000000          -0.333333330191700
0.000308000000000          -0.333333330171200
0.000309000000000          -0.333333330150633
0.000310000000000          -0.333333330130000
0.000311000000000          -0.333333330109300
0.000312000000000          -0.333333330088533
0.000313000000000          -0.333333330067700
0.000314000000000          -0.333333330046800
0.000315000000000          -0.333333330025833
0.000316000000000          -0.333333330004800
0.000317000000000          -0.333333329983700
0.000318000000000          -0.333333329962533
0.000319000000000          -0.333333329941300
0.000320000000000          -0.333333329920000
0.000321000000000          -0.333333329898633
0.000322000000000          -0.333333329877200
0.000323000000000          -0.333333329855700
0.000324000000000          -0.333333329834133
0.000325000000000          -0.333333329812500
0.000326000000000          -0.333333329790800
0.000327000000000          -0.333333329769033
0.000328000000000          -0.333333329747200
0.000329000000000          -0.333333329725300
0.000330000000000          -0.333333329703333
0.000331000000000          -0.333333329681300
0.000332000000000          -0.333333329659200
0.000333000000000          -0.333333329637033
0.000334000000000          -0.333333329614800
0.000335000000000          -0.333333329592500
0.000336000000000          -0.333333329570133
0.000337000000000          -0.333333329547700
0.000338000000000          -0.333333329525200
0.000339000000000          -0.333333329502633
0.000340000000000          -0.333333329480000
0.000341000000000          -0.333333329457300
0.000342000000000          -0.333333329434533
0.000343000000000          -0.333333329411700
0.000344000000000          -0.333333329388800
0.000345000000000          -0.333333329365833
0.000346000000000          -0.333333329342800
0.000347000000000          -0.333333329319700
0.000348000000000          -0.333333329296533
0.000349000000000          -0.333333329273300
0.000350000000000          -0.333333329250000
0.000351000000000          -0.333333329226633
0.000352000000000          -0.333333329203200
0.000353000000000          -0.333333329179700
0.000354000000000          -0.333333329156133
0.000355000000000          -0.333333329132500
0.000356000000000          -0.333333329108800
0.000357000000000          -0.333333329085033
0.000358000000000          -0.333333329061200
0.000359000000000          -0.333333329037300
0.000360000000000          -0.333333329013333
0.000361000000000          -0.333333328989300
0.000362000000000          -0.333333328965200
0.000363000000000          -0.333333328941033
0.000364000000000          -0.333333328916800
0.000365000000000          -0.333333328892500
0.000366000000000          -0.333333328868133
0.000367000000000          -0.333333328843700
0.000368000000000          -0.333333328819200
0.000369000000000          -0.333333328794633
0.000370000000000          -0.333333328770000
0.000371000000000          -0.333333328745300
0.000372000000000          -0.333333328720533
0.000373000000000          -0.333333328695700
0.000374000000000          -0.333333328670800
0.000375000000000          -0.333333328645833
0.000376000000000          -0.333333328620800
0.000377000000000          -0.333333328595700
0.000378000000000          -0.333333328570533
0.000379000000000          -0.333333328545300
0.000380000000000          -0.333333328520000
0.000381000000000          -0.333333328494633
0.000382000000000          -0.333333328469200
0.000383000000000          -0.333333328443700
0.000384000000000          -0.333333328418133
0.000385000000000          -0.333333328392500
0.000386000000000          -0.333333328366800
0.000387000000000          -0.333333328341033
0.000388000000000          -0.333333328315200
0.000389000000000          -0.333333328289300
0.000390000000000          -0.333333328263333
0.000391000000000          -0.333333328237300
0.000392000000000          -0.333333328211200
0.000393000000000          -0.333333328185033
0.000394000000000          -0.333333328158800
0.000395000000000          -0.333333328132500
0.000396000000000          -0.333333328106133
0.000397000000000          -0.333333328079700
0.000398000000000          -0.333333328053200
0.000399000000000          -0.333333328026633
0.000400000000000          -0.333333328000000
0.000401000000000          -0.333333327973300
0.000402000000000          -0.333333327946533
0.000403000000000          -0.333333327919700
0.000404000000000          -0.333333327892800
0.000405000000000          -0.333333327865833
0.000406000000000          -0.333333327838800
0.000407000000000          -0.333333327811700
0.000408000000000          -0.333333327784533
0.000409000000000          -0.333333327757300
0.000410000000000          -0.333333327730000
0.000411000000000          -0.333333327702633
0.000412000000000          -0.333333327675200
0.000413000000000          -0.333333327647700
0.000414000000000          -0.333333327620133
0.000415000000000          -0.333333327592500
0.000416000000000          -0.333333327564800
0.000417000000000          -0.333333327537033
0.000418000000000          -0.333333327509200
0.000419000000000          -0.333333327481300
0.000420000000000          -0.333333327453333
0.000421000000000          -0.333333327425300
0.000422000000000          -0.333333327397200
0.000423000000000          -0.333333327369033
0.000424000000000          -0.333333327340800
0.000425000000000          -0.333333327312500
0.000426000000000          -0.333333327284133
0.000427000000000          -0.333333327255700
0.000428000000000          -0.333333327227200
0.000429000000000          -0.333333327198633
0.000430000000000          -0.333333327170000
0.000431000000000          -0.333333327141300
0.000432000000000          -0.333333327112533
0.000433000000000          -0.333333327083700
0.000434000000000          -0.333333327054800
0.000435000000000          -0.333333327025833
0.000436000000000          -0.333333326996800
0.000437000000000          -0.333333326967700
0.000438000000000          -0.333333326938533
0.000439000000000          -0.333333326909300
0.000440000000000          -0.333333326880000
0.000441000000000          -0.333333326850633
0.000442000000000          -0.333333326821200
0.000443000000000          -0.333333326791700
0.000444000000000          -0.333333326762133
0.000445000000000          -0.333333326732500
0.000446000000000          -0.333333326702800
0.000447000000000          -0.333333326673033
0.000448000000000          -0.333333326643200
0.000449000000000          -0.333333326613300
0.000450000000000          -0.333333326583333
0.000451000000000          -0.333333326553300
0.000452000000000          -0.333333326523200
0.000453000000000          -0.333333326493033
0.000454000000000          -0.333333326462800
0.000455000000000          -0.333333326432500
0.000456000000000          -0.333333326402133
0.000457000000000          -0.333333326371700
0.000458000000000          -0.333333326341200
0.000459000000000          -0.333333326310633
0.000460000000000          -0.333333326280000
0.000461000000000          -0.333333326249300
0.000462000000000          -0.333333326218533
0.000463000000000          -0.333333326187700
0.000464000000000          -0.333333326156800
0.000465000000000          -0.333333326125833
0.000466000000000          -0.333333326094800
0.000467000000000          -0.333333326063700
0.000468000000000          -0.333333326032533
0.000469000000000          -0.333333326001300
0.000470000000000          -0.333333325970000
0.000471000000000          -0.333333325938633
0.000472000000000          -0.333333325907200
0.000473000000000          -0.333333325875700
0.000474000000000          -0.333333325844133
0.000475000000000          -0.333333325812500
0.000476000000000          -0.333333325780800
0.000477000000000          -0.333333325749033
0.000478000000000          -0.333333325717200
0.000479000000000          -0.333333325685300
0.000480000000000          -0.333333325653333
0.000481000000000          -0.333333325621300
0.000482000000000          -0.333333325589200
0.000483000000000          -0.333333325557033
0.000484000000000          -0.333333325524800
0.000485000000000          -0.333333325492500
0.000486000000000          -0.333333325460133
0.000487000000000          -0.333333325427700
0.000488000000000          -0.333333325395200
0.000489000000000          -0.333333325362633
0.000490000000000          -0.333333325330000
0.000491000000000          -0.333333325297300
0.000492000000000          -0.333333325264533
0.000493000000000          -0.333333325231700
0.000494000000000          -0.333333325198800
0.000495000000000          -0.333333325165833
0.000496000000000          -0.333333325132800
0.000497000000000          -0.333333325099700
0.000498000000000          -0.333333325066533
0.000499000000000          -0.333333325033300
0.000500000000000          -0.333333325000000
0.000501000000000          -0.333333324966633
0.000502000000000          -0.333333324933200
0.000503000000000          -0.333333324899700
0.000504000000000          -0.333333324866133
0.000505000000000          -0.333333324832500
0.000506000000000          -0.333333324798800
0.000507000000000          -0.333333324765033
0.000508000000000          -0.333333324731200
0.000509000000000          -0.333333324697300
0.000510000000000          -0.333333324663333
0.000511000000000          -0.333333324629300
0.000512000000000          -0.333333324595200
0.000513000000000          -0.333333324561033
0.000514000000000          -0.333333324526800
0.000515000000000          -0.333333324492500
0.000516000000000          -0.333333324458133
0.000517000000000          -0.333333324423700
0.000518000000000          -0.333333324389200
0.000519000000000          -0.333333324354633
0.000520000000000          -0.333333324320000
0.000521000000000          -0.333333324285300
0.000522000000000          -0.333333324250533
0.000523000000000          -0.333333324215700
0.000524000000000          -0.333333324180800
0.000525000000000          -0.333333324145833
0.000526000000000          -0.333333324110800
0.000527000000000          -0.333333324075700
0.000528000000000          -0.333333324040533
0.000529000000000          -0.333333324005300
0.000530000000000          -0.333333323970000
0.000531000000000          -0.333333323934633
0.000532000000000          -0.333333323899200
0.000533000000000          -0.333333323863700
0.000534000000000          -0.333333323828133
0.000535000000000          -0.333333323792500
0.000536000000000          -0.333333323756800
0.000537000000000          -0.333333323721033
0.000538000000000          -0.333333323685200
0.000539000000000          -0.333333323649300
0.000540000000000          -0.333333323613333
0.000541000000000          -0.333333323577300
0.000542000000000          -0.333333323541200
0.000543000000000          -0.333333323505033
0.000544000000000          -0.333333323468800
0.000545000000000          -0.333333323432500
0.000546000000000          -0.333333323396133
0.000547000000000          -0.333333323359700
0.000548000000000          -0.333333323323200
0.000549000000000          -0.333333323286633
0.000550000000000          -0.333333323250000
0.000551000000000          -0.333333323213300
0.000552000000000          -0.333333323176533
0.000553000000000          -0.333333323139700
0.000554000000000          -0.333333323102800
0.000555000000000          -0.333333323065833
0.000556000000000          -0.333333323028800
0.000557000000000          -0.333333322991700
0.000558000000000          -0.333333322954533
0.000559000000000          -0.333333322917300
0.000560000000000          -0.333333322880000
0.000561000000000          -0.333333322842633
0.000562000000000          -0.333333322805200
0.000563000000000          -0.333333322767700
0.000564000000000          -0.333333322730133
0.000565000000000          -0.333333322692500
0.000566000000000          -0.333333322654800
0.000567000000000          -0.333333322617033
0.000568000000000          -0.333333322579200
0.000569000000000          -0.333333322541300
0.000570000000000          -0.333333322503333
0.000571000000000          -0.333333322465300
0.000572000000000          -0.333333322427200
0.000573000000000          -0.333333322389033
0.000574000000000          -0.333333322350800
0.000575000000000          -0.333333322312500
0.000576000000000          -0.333333322274133
0.000577000000000          -0.333333322235700
0.000578000000000          -0.333333322197200
0.000579000000000          -0.333333322158633
0.000580000000000          -0.333333322120000
0.000581000000000          -0.333333322081300
0.000582000000000          -0.333333322042533
0.000583000000000          -0.333333322003700
0.000584000000000          -0.333333321964800
0.000585000000000          -0.333333321925833
0.000586000000000          -0.333333321886800
0.000587000000000          -0.333333321847700
0.000588000000000          -0.333333321808533
0.000589000000000          -0.333333321769300
0.000590000000000          -0.333333321730000
0.000591000000000          -0.333333321690634
0.000592000000000          -0.333333321651200
0.000593000000000          -0.333333321611700
0.000594000000000          -0.333333321572133
0.000595000000000          -0.333333321532500
0.000596000000000          -0.333333321492800
0.000597000000000          -0.333333321453033
0.000598000000000          -0.333333321413200
0.000599000000000          -0.333333321373300
0.000600000000000          -0.333333321333333
0.000601000000000          -0.333333321293300
0.000602000000000          -0.333333321253200
0.000603000000000          -0.333333321213033
0.000604000000000          -0.333333321172800
0.000605000000000          -0.333333321132500
0.000606000000000          -0.333333321092133
0.000607000000000          -0.333333321051700
0.000608000000000          -0.333333321011200
0.000609000000000          -0.333333320970634
0.000610000000000          -0.333333320930000
0.000611000000000          -0.333333320889300
0.000612000000000          -0.333333320848534
0.000613000000000          -0.333333320807700
0.000614000000000          -0.333333320766800
0.000615000000000          -0.333333320725834
0.000616000000000          -0.333333320684800
0.000617000000000          -0.333333320643700
0.000618000000000          -0.333333320602534
0.000619000000000          -0.333333320561300
0.000620000000000          -0.333333320520000
0.000621000000000          -0.333333320478634
0.000622000000000          -0.333333320437200
0.000623000000000          -0.333333320395700
0.000624000000000          -0.333333320354134
0.000625000000000          -0.333333320312500
0.000626000000000          -0.333333320270800
0.000627000000000          -0.333333320229034
0.000628000000000          -0.333333320187200
0.000629000000000          -0.333333320145300
0.000630000000000          -0.333333320103334
0.000631000000000          -0.333333320061300
0.000632000000000          -0.333333320019200
0.000633000000000          -0.333333319977034
0.000634000000000          -0.333333319934800
0.000635000000000          -0.333333319892500
0.000636000000000          -0.333333319850134
0.000637000000000          -0.333333319807700
0.000638000000000          -0.333333319765200
0.000639000000000          -0.333333319722634
0.000640000000000          -0.333333319680000
0.000641000000000          -0.333333319637300
0.000642000000000          -0.333333319594533
0.000643000000000          -0.333333319551700
0.000644000000000          -0.333333319508800
0.000645000000000          -0.333333319465833
0.000646000000000          -0.333333319422800
0.000647000000000          -0.333333319379700
0.000648000000000          -0.333333319336534
0.000649000000000          -0.333333319293300
0.000650000000000          -0.333333319250000
0.000651000000000          -0.333333319206634
0.000652000000000          -0.333333319163200
0.000653000000000          -0.333333319119700
0.000654000000000          -0.333333319076134
0.000655000000000          -0.333333319032500
0.000656000000000          -0.333333318988800
0.000657000000000          -0.333333318945034
0.000658000000000          -0.333333318901200
0.000659000000000          -0.333333318857300
0.000660000000000          -0.333333318813334
0.000661000000000          -0.333333318769300
0.000662000000000          -0.333333318725200
0.000663000000000          -0.333333318681033
0.000664000000000          -0.333333318636800
0.000665000000000          -0.333333318592500
0.000666000000000          -0.333333318548134
0.000667000000000          -0.333333318503700
0.000668000000000          -0.333333318459200
0.000669000000000          -0.333333318414634
0.000670000000000          -0.333333318370000
0.000671000000000          -0.333333318325300
0.000672000000000          -0.333333318280534
0.000673000000000          -0.333333318235700
0.000674000000000          -0.333333318190800
0.000675000000000          -0.333333318145834
0.000676000000000          -0.333333318100800
0.000677000000000          -0.333333318055700
0.000678000000000          -0.333333318010534
0.000679000000000          -0.333333317965300
0.000680000000000          -0.333333317920000
0.000681000000000          -0.333333317874634
0.000682000000000          -0.333333317829200
0.000683000000000          -0.333333317783700
0.000684000000000          -0.333333317738134
0.000685000000000          -0.333333317692500
0.000686000000000          -0.333333317646800
0.000687000000000          -0.333333317601034
0.000688000000000          -0.333333317555200
0.000689000000000          -0.333333317509300
0.000690000000000          -0.333333317463334
0.000691000000000          -0.333333317417300
0.000692000000000          -0.333333317371200
0.000693000000000          -0.333333317325034
0.000694000000000          -0.333333317278800
0.000695000000000          -0.333333317232500
0.000696000000000          -0.333333317186134
0.000697000000000          -0.333333317139700
0.000698000000000          -0.333333317093200
0.000699000000000          -0.333333317046634
0.000700000000000          -0.333333317000000
0.000701000000000          -0.333333316953300
0.000702000000000          -0.333333316906534
0.000703000000000          -0.333333316859700
0.000704000000000          -0.333333316812800
0.000705000000000          -0.333333316765834
0.000706000000000          -0.333333316718800
0.000707000000000          -0.333333316671700
0.000708000000000          -0.333333316624534
0.000709000000000          -0.333333316577300
0.000710000000000          -0.333333316530000
0.000711000000000          -0.333333316482634
0.000712000000000          -0.333333316435200
0.000713000000000          -0.333333316387700
0.000714000000000          -0.333333316340134
0.000715000000000          -0.333333316292500
0.000716000000000          -0.333333316244800
0.000717000000000          -0.333333316197034
0.000718000000000          -0.333333316149200
0.000719000000000          -0.333333316101300
0.000720000000000          -0.333333316053334
0.000721000000000          -0.333333316005300
0.000722000000000          -0.333333315957200
0.000723000000000          -0.333333315909034
0.000724000000000          -0.333333315860800
0.000725000000000          -0.333333315812500
0.000726000000000          -0.333333315764134
0.000727000000000          -0.333333315715700
0.000728000000000          -0.333333315667200
0.000729000000000          -0.333333315618634
0.000730000000000          -0.333333315570000
0.000731000000000          -0.333333315521300
0.000732000000000          -0.333333315472534
0.000733000000000          -0.333333315423700
0.000734000000000          -0.333333315374800
0.000735000000000          -0.333333315325834
0.000736000000000          -0.333333315276800
0.000737000000000          -0.333333315227700
0.000738000000000          -0.333333315178534
0.000739000000000          -0.333333315129300
0.000740000000000          -0.333333315080000
0.000741000000000          -0.333333315030634
0.000742000000000          -0.333333314981200
0.000743000000000          -0.333333314931700
0.000744000000000          -0.333333314882134
0.000745000000000          -0.333333314832500
0.000746000000000          -0.333333314782800
0.000747000000000          -0.333333314733034
0.000748000000000          -0.333333314683200
0.000749000000000          -0.333333314633300
0.000750000000000          -0.333333314583334
0.000751000000000          -0.333333314533300
0.000752000000000          -0.333333314483200
0.000753000000000          -0.333333314433034
0.000754000000000          -0.333333314382800
0.000755000000000          -0.333333314332500
0.000756000000000          -0.333333314282134
0.000757000000000          -0.333333314231700
0.000758000000000          -0.333333314181200
0.000759000000000          -0.333333314130634
0.000760000000000          -0.333333314080000
0.000761000000000          -0.333333314029300
0.000762000000000          -0.333333313978534
0.000763000000000          -0.333333313927700
0.000764000000000          -0.333333313876800
0.000765000000000          -0.333333313825834
0.000766000000000          -0.333333313774800
0.000767000000000          -0.333333313723700
0.000768000000000          -0.333333313672534
0.000769000000000          -0.333333313621300
0.000770000000000          -0.333333313570000
0.000771000000000          -0.333333313518634
0.000772000000000          -0.333333313467200
0.000773000000000          -0.333333313415700
0.000774000000000          -0.333333313364134
0.000775000000000          -0.333333313312500
0.000776000000000          -0.333333313260800
0.000777000000000          -0.333333313209034
0.000778000000000          -0.333333313157200
0.000779000000000          -0.333333313105300
0.000780000000000          -0.333333313053334
0.000781000000000          -0.333333313001300
0.000782000000000          -0.333333312949200
0.000783000000000          -0.333333312897034
0.000784000000000          -0.333333312844800
0.000785000000000          -0.333333312792500
0.000786000000000          -0.333333312740134
0.000787000000000          -0.333333312687701
0.000788000000000          -0.333333312635200
0.000789000000000          -0.333333312582634
0.000790000000000          -0.333333312530000
0.000791000000000          -0.333333312477300
0.000792000000000          -0.333333312424534
0.000793000000000          -0.333333312371700
0.000794000000000          -0.333333312318800
0.000795000000000          -0.333333312265834
0.000796000000000          -0.333333312212800
0.000797000000000          -0.333333312159701
0.000798000000000          -0.333333312106534
0.000799000000000          -0.333333312053300
0.000800000000000          -0.333333312000000
0.000801000000000          -0.333333311946634
0.000802000000000          -0.333333311893200
0.000803000000000          -0.333333311839700
0.000804000000000          -0.333333311786134
0.000805000000000          -0.333333311732500
0.000806000000000          -0.333333311678800
0.000807000000000          -0.333333311625034
0.000808000000000          -0.333333311571200
0.000809000000000          -0.333333311517301
0.000810000000000          -0.333333311463334
0.000811000000000          -0.333333311409301
0.000812000000000          -0.333333311355201
0.000813000000000          -0.333333311301034
0.000814000000000          -0.333333311246801
0.000815000000000          -0.333333311192501
0.000816000000000          -0.333333311138134
0.000817000000000          -0.333333311083701
0.000818000000000          -0.333333311029201
0.000819000000000          -0.333333310974634
0.000820000000000          -0.333333310920001
0.000821000000000          -0.333333310865301
0.000822000000000          -0.333333310810534
0.000823000000000          -0.333333310755701
0.000824000000000          -0.333333310700801
0.000825000000000          -0.333333310645834
0.000826000000000          -0.333333310590801
0.000827000000000          -0.333333310535701
0.000828000000000          -0.333333310480534
0.000829000000000          -0.333333310425301
0.000830000000000          -0.333333310370001
0.000831000000000          -0.333333310314634
0.000832000000000          -0.333333310259201
0.000833000000000          -0.333333310203700
0.000834000000000          -0.333333310148134
0.000835000000000          -0.333333310092501
0.000836000000000          -0.333333310036801
0.000837000000000          -0.333333309981034
0.000838000000000          -0.333333309925201
0.000839000000000          -0.333333309869301
0.000840000000000          -0.333333309813334
0.000841000000000          -0.333333309757301
0.000842000000000          -0.333333309701201
0.000843000000000          -0.333333309645034
0.000844000000000          -0.333333309588801
0.000845000000000          -0.333333309532501
0.000846000000000          -0.333333309476134
0.000847000000000          -0.333333309419701
0.000848000000000          -0.333333309363201
0.000849000000000          -0.333333309306634
0.000850000000000          -0.333333309250001
0.000851000000000          -0.333333309193301
0.000852000000000          -0.333333309136534
0.000853000000000          -0.333333309079701
0.000854000000000          -0.333333309022801
0.000855000000000          -0.333333308965834
0.000856000000000          -0.333333308908801
0.000857000000000          -0.333333308851701
0.000858000000000          -0.333333308794534
0.000859000000000          -0.333333308737301
0.000860000000000          -0.333333308680001
0.000861000000000          -0.333333308622634
0.000862000000000          -0.333333308565201
0.000863000000000          -0.333333308507701
0.000864000000000          -0.333333308450134
0.000865000000000          -0.333333308392501
0.000866000000000          -0.333333308334801
0.000867000000000          -0.333333308277034
0.000868000000000          -0.333333308219201
0.000869000000000          -0.333333308161301
0.000870000000000          -0.333333308103334
0.000871000000000          -0.333333308045301
0.000872000000000          -0.333333307987201
0.000873000000000          -0.333333307929034
0.000874000000000          -0.333333307870801
0.000875000000000          -0.333333307812501
0.000876000000000          -0.333333307754134
0.000877000000000          -0.333333307695701
0.000878000000000          -0.333333307637201
0.000879000000000          -0.333333307578634
0.000880000000000          -0.333333307520001
0.000881000000000          -0.333333307461301
0.000882000000000          -0.333333307402534
0.000883000000000          -0.333333307343701
0.000884000000000          -0.333333307284801
0.000885000000000          -0.333333307225834
0.000886000000000          -0.333333307166801
0.000887000000000          -0.333333307107701
0.000888000000000          -0.333333307048534
0.000889000000000          -0.333333306989301
0.000890000000000          -0.333333306930001
0.000891000000000          -0.333333306870634
0.000892000000000          -0.333333306811201
0.000893000000000          -0.333333306751701
0.000894000000000          -0.333333306692134
0.000895000000000          -0.333333306632501
0.000896000000000          -0.333333306572801
0.000897000000000          -0.333333306513034
0.000898000000000          -0.333333306453201
0.000899000000000          -0.333333306393301
0.000900000000000          -0.333333306333334
0.000901000000000          -0.333333306273301
0.000902000000000          -0.333333306213201
0.000903000000000          -0.333333306153034
0.000904000000000          -0.333333306092801
0.000905000000000          -0.333333306032501
0.000906000000000          -0.333333305972134
0.000907000000000          -0.333333305911701
0.000908000000000          -0.333333305851201
0.000909000000000          -0.333333305790634
0.000910000000000          -0.333333305730001
0.000911000000000          -0.333333305669301
0.000912000000000          -0.333333305608534
0.000913000000000          -0.333333305547701
0.000914000000000          -0.333333305486801
0.000915000000000          -0.333333305425834
0.000916000000000          -0.333333305364801
0.000917000000000          -0.333333305303701
0.000918000000000          -0.333333305242534
0.000919000000000          -0.333333305181301
0.000920000000000          -0.333333305120001
0.000921000000000          -0.333333305058634
0.000922000000000          -0.333333304997201
0.000923000000000          -0.333333304935701
0.000924000000000          -0.333333304874134
0.000925000000000          -0.333333304812501
0.000926000000000          -0.333333304750801
0.000927000000000          -0.333333304689034
0.000928000000000          -0.333333304627201
0.000929000000000          -0.333333304565301
0.000930000000000          -0.333333304503334
0.000931000000000          -0.333333304441301
0.000932000000000          -0.333333304379201
0.000933000000000          -0.333333304317034
0.000934000000000          -0.333333304254801
0.000935000000000          -0.333333304192501
0.000936000000000          -0.333333304130134
0.000937000000000          -0.333333304067701
0.000938000000000          -0.333333304005201
0.000939000000000          -0.333333303942634
0.000940000000000          -0.333333303880001
0.000941000000000          -0.333333303817301
0.000942000000000          -0.333333303754534
0.000943000000000          -0.333333303691701
0.000944000000000          -0.333333303628801
0.000945000000000          -0.333333303565834
0.000946000000000          -0.333333303502801
0.000947000000000          -0.333333303439701
0.000948000000000          -0.333333303376534
0.000949000000000          -0.333333303313301
0.000950000000000          -0.333333303250001
0.000951000000000          -0.333333303186634
0.000952000000000          -0.333333303123201
0.000953000000000          -0.333333303059701
0.000954000000000          -0.333333302996134
0.000955000000000          -0.333333302932501
0.000956000000000          -0.333333302868801
0.000957000000000          -0.333333302805034
0.000958000000000          -0.333333302741201
0.000959000000000          -0.333333302677301
0.000960000000000          -0.333333302613334
0.000961000000000          -0.333333302549301
0.000962000000000          -0.333333302485201
0.000963000000000          -0.333333302421034
0.000964000000000          -0.333333302356801
0.000965000000000          -0.333333302292501
0.000966000000000          -0.333333302228134
0.000967000000000          -0.333333302163701
0.000968000000000          -0.333333302099201
0.000969000000000          -0.333333302034634
0.000970000000000          -0.333333301970001
0.000971000000000          -0.333333301905301
0.000972000000000          -0.333333301840534
0.000973000000000          -0.333333301775701
0.000974000000000          -0.333333301710801
0.000975000000000          -0.333333301645834
0.000976000000000          -0.333333301580801
0.000977000000000          -0.333333301515701
0.000978000000000          -0.333333301450534
0.000979000000000          -0.333333301385301
0.000980000000000          -0.333333301320001
0.000981000000000          -0.333333301254634
0.000982000000000          -0.333333301189201
0.000983000000000          -0.333333301123701
0.000984000000000          -0.333333301058134
0.000985000000000          -0.333333300992501
0.000986000000000          -0.333333300926801
0.000987000000000          -0.333333300861034
0.000988000000000          -0.333333300795201
0.000989000000000          -0.333333300729301
0.000990000000000          -0.333333300663334
0.000991000000000          -0.333333300597301
0.000992000000000          -0.333333300531201
0.000993000000000          -0.333333300465034
0.000994000000000          -0.333333300398801
0.000995000000000          -0.333333300332501
0.000996000000000          -0.333333300266135
0.000997000000000          -0.333333300199701
0.000998000000000          -0.333333300133201
0.000999000000000          -0.333333300066635
0.001000000000000          -0.333333300000001
